"Actb" "Gja1" "Icam2" "Synpo" "Tubb5" "Socs3" "Tor4a" "Fkbp1a" "Nme1" "Exoc3l4" "Pdia3" "Cda" "P4hb" "Steap4" "Adamts5" "Ackr3" "Pdpn" "Apex1" "Rcan1" "Ifitm3" "Dusp2" "Cdh5" "H2.T23" "Gata2" "Pcbp1" "Adgrg3" "Ctsb" "Hspa8" "Irf7"
"Tnf" 0.00138049361423276 0.00585054561233598 0 0 0.00129797982557706 0.00540665823199831 0 0 0 0 0 0 0.00195380226741641 0.0027348313207174 0 0.002342482672961 0 0 0 0 0 0.00242521334550208 0 0 0 0 0 0 0.00564060864787526
"Ccl2" 0.00146164934114864 0 0 0.00139659578642868 0.00145233032526761 0.00153366509518096 0 0 0 0 0 0 0 0 0 0 0 0 0 0 0 0 0 0 0 0 0 0 0
"Jam2" 0.00145178719016429 0.00126493142777411 0.00128949535826873 0.00129058894018018 0 0.00152800481097305 0.00120592074587335 0 0 0 0 0 0 0 0 0 0 0 0 0.00124434265851746 0 0.00123100501806675 0 0.00128690090525622 0 0 0 0 0
"Gmfb" 0.00146436565661762 0 0 0.00138157783068757 0.00142819368202294 0.00131696037980448 0 0 0 0 0 0 0 0 0 0 0 0 0 0 0 0 0 0 0 0 0 0 0
"Ptprc" 0.00133314863635044 0 0 0.0012576133327863 0 0.001605852961689 0 0 0 0 0 0 0 0 0 0 0 0 0 0 0 0 0 0 0 0 0 0 0
"Dusp18" 0.00130772291678558 0.00157112179899676 0 0 0 0.0013380680088355 0 0 0 0 0 0 0 0 0 0 0 0 0 0 0 0 0 0 0 0 0 0 0
"Mapt" 0.00123212111036657 0 0 0 0 0 0 0 0 0 0 0 0 0 0 0 0 0 0 0 0 0 0 0 0 0 0 0 0
"Itgam" 0 0 0 0.00121011541602748 0 0 0 0 0 0 0 0 0 0 0 0 0 0 0 0 0 0 0 0 0 0 0 0 0
"Apoe" 0 0 0 0 0 0 0 0 0 0 0 0 0 0 0 0 0 0 0 0 0 0 0 0 0 0 0 0.00364764645923699 0
"Angpt2" 0.00149273164062777 0 0 0.00140160619952122 0.00148615819329907 0.00178349189911576 0 0 0 0 0 0 0 0 0 0 0 0 0.00129951596964302 0 0 0 0 0 0 0 0.00259491672564111 0 0
"App" 0.00122029632936091 0 0 0 0 0 0 0 0 0 0 0 0 0 0.00453990701750821 0.00455335541849541 0 0 0 0 0.00429081189119143 0 0.00400582638372503 0 0 0.0214138415550681 0 0 0
"Pcdh1" 0.00130990616096732 0 0 0 0 0 0 0 0 0 0 0 0 0 0 0 0 0 0 0 0 0 0 0 0 0 0 0 0
"Adam17" 0.00152012849124405 0 0 0.00139699201939423 0.00141663374064695 0.00143038606989501 0 0 0 0 0 0 0 0 0 0 0 0 0 0 0 0 0.00206317307479586 0 0 0 0 0 0
"Dll1" 0.00179543481333771 0.00123388855174923 0 0.0014482660231602 0.00162313855129753 0.00148315538576776 0.00155443633793355 0 0 0 0 0 0 0 0 0 0 0 0 0.00126891285851985 0.00140881308761008 0 0 0.00146238584813364 0.00121920498266441 0 0 0 0
"Ltb" 0.0014927927701708 0.00131066505085084 0 0.00124957731654412 0.00132812022344578 0.00142296505164355 0 0 0.00120444566371989 0.00130421387843458 0 0 0 0 0 0 0 0 0.00127466876701174 0.00128405896383754 0 0 0 0 0.00133479677842124 0 0 0 0.00127176677370098
"Hmgb1" 0.00224754285905749 0.00135162933996022 0.00161409383498932 0.00174852904090139 0.00210352799194836 0.0018596181983122 0.00169576266316678 0 0.00160599741967842 0 0 0 0 0.00122466323682146 0 0 0 0.00134107593178213 0.00159633277520012 0.00136559644676244 0.00142539087781444 0.00569040942754688 0 0.00159744456496124 0.00171340897707467 0 0.0013960625403737 0 0.00121130084614066
"Icam1" 0 0 0 0 0 0.00120807737808542 0 0 0 0 0 0 0 0 0 0 0 0 0 0 0 0 0 0 0 0 0 0 0
"Nid1" 0.00123564708620085 0 0 0 0.00128907977510797 0 0 0 0 0 0 0 0 0 0 0 0 0 0 0 0 0 0 0 0 0 0 0 0
"Bmp6" 0.00180446130562997 0.00120376258258238 0 0.00159827579779687 0.00174843560597405 0.00162551096315191 0.00125830892962835 0 0.00123826414447937 0 0 0 0.00222638696935255 0 0 0 0 0 0.0012049239740469 0 0.00472500417493031 0 0 0.00124894281702832 0.00138645604265432 0 0 0 0
"Pgf" 0.00158456810076445 0 0 0.00149911701584414 0.00147997949280216 0.00143833709680886 0 0 0 0 0 0 0 0 0 0 0 0 0 0 0 0 0 0 0.00121675256280623 0 0 0 0
"Camp" 0.00156466763594617 0.00124599176169531 0 0.00164204210213752 0.00163760329888804 0.00146366566326607 0 0 0.003502807409593 0 0.00296125579975394 0 0.00322869055298731 0 0 0 0 0 0.0013123401291182 0.00331349351731679 0.00137751883392645 0 0 0.00123721573037828 0 0 0 0.0028382667471984 0
"Ptprf" 0.00126970680747263 0 0 0 0 0 0 0 0 0 0 0 0 0 0 0 0 0 0 0 0 0 0 0 0 0 0 0 0
"Hc" 0.00197842523846087 0 0 0 0 0 0 0 0 0 0 0 0 0 0 0 0 0 0 0 0 0 0 0 0 0 0 0 0
"Pecam1" 0.00121796562353523 0 0 0 0 0.00127793938704284 0 0 0 0 0 0 0 0 0 0 0 0 0.00208057750040458 0 0 0 0 0 0 0 0 0 0
"Hmgb2" 0.00161662305631722 0 0 0 0.00143231202664415 0 0.00129738697083692 0 0 0 0 0 0 0 0 0 0 0.00608182508370673 0.00124831364491929 0 0 0 0 0 0.00121731742585266 0 0 0 0
"Vegfa" 0.00136483375622213 0.0023594748343614 0 0.00143050603226441 0.0012936202448339 0.00135991631917548 0 0 0.00409972140266582 0 0 0 0.0019843370875547 0 0 0.00223136204419753 0.00233932018021433 0 0 0 0 0 0 0 0 0 0 0 0
"Lgals3" 0 0 0 0 0 0.00207635953436987 0 0 0 0 0 0 0 0 0.00215437525223212 0 0 0 0 0 0 0 0 0 0 0 0 0 0
"Il7" 0.00199903538308277 0.00130843103480949 0.00166938078216731 0.00227306141448117 0.00199383075282086 0.00356529966371426 0.00139296977000515 0 0.00135478601747542 0 0 0 0.00227922617588376 0.00271921100198436 0 0 0 0.00125946221318186 0.00162261331368314 0.00135504878815782 0 0 0 0.00126714779788731 0.00174628215135144 0 0.00128115446477365 0 0.001327238854576
"Tnfsf13b" 0 0 0 0.00128232290913111 0 0 0 0 0 0 0 0.00213274018628288 0 0 0 0 0 0 0 0 0 0 0 0 0 0 0 0 0
"Ptn" 0.00124352365710479 0 0 0 0 0 0 0 0 0 0.00415674791277312 0 0 0 0 0 0 0 0 0 0 0 0 0 0 0 0 0 0
"Calr" 0 0 0 0 0 0 0 0 0 0.00502363114229688 0 0 0 0 0 0 0 0 0 0 0 0 0 0 0 0 0 0 0
"Tgfb1" 0.00296597953804268 0.00259638499600507 0.00515317536345274 0.00154625998242254 0.00163917850063023 0.00567161006627657 0 0.00436841205840133 0.00433370091195563 0 0 0 0 0 0 0 0 0 0.00120977130048633 0 0.00125975786207101 0.00265996731625495 0.00222916041277135 0.00128968173279574 0.00127768819822119 0 0 0 0
"Dll4" 0.00185625641413516 0.00123372316447147 0.00302956654658251 0.00163158379889414 0.00218455968345461 0.00185753483398235 0.00184456408538361 0 0.00136851061897578 0 0 0 0 0 0 0 0 0.00136780485538217 0 0.00151977460008216 0.00170675995511725 0 0 0.00162454173372322 0.00149200920147672 0 0 0 0
"Edn1" 0 0.0043214010291651 0.0048734629600343 0.00122600200152277 0.00125963308360365 0 0 0 0 0 0 0 0 0 0 0 0 0 0 0 0 0 0 0 0 0 0 0 0
