"Basp1" "Ccnd1" "Col1a1" "Col3a1" "Col4a1" "Col5a1" "Eln" "Fn1" "Grem1" "Igf1" "Lpl" "Mmp2" "Pdgfa" "Pdgfrb" "Postn" "Serpine1" "Serpine2" "Thbs1" "Thbs2" "Timp1" "Actb" "Cd44" "Ier3" "Nrcam" "Runx1" "Sept9" "Tnc" "Adamts4" "Bgn" "Fmod" "Sdc1" "Spp1" "Col8a1" "Ereg" "Inhba" "Myh9" "Sparc" "Enc1" "Lama5" "Chst11" "Fst" "Hbegf" "Pcdh7" "Sema3a" "Tpm1" "Adamts12" "Cyp26b1" "Dkk2" "Nwd2" "Tmem178" "Crlf1" "Cyp7b1" "S100a4" "Sfrp1" "Angptl4" "Chl1" "Rcan1"
"C3" 0 0.00130640296869222 0 0 0 0 0 0 0 0 0 0 0 0 0 0 0 0 0 0 0 0 0 0 0 0 0 0 0 0 0 0 0 0 0 0 0 0 0 0 0 0 0 0 0 0 0 0 0 0 0 0 0 0 0 0 0
"Adam9" 0 0.0012481863291085 0 0 0 0 0 0 0 0 0 0 0 0 0 0 0 0 0 0 0 0 0 0 0 0 0 0 0 0 0 0 0 0 0 0 0 0 0 0 0 0 0 0 0 0 0 0 0 0 0 0 0 0 0 0 0
"Itga4" 0 0.00117521952264516 0 0 0 0 0 0 0 0 0 0 0 0 0 0 0 0 0 0 0 0 0 0 0 0 0 0 0 0 0 0 0 0 0 0 0 0 0 0 0 0 0 0 0 0 0 0 0 0 0 0 0 0 0 0 0
"Dll4" 0 0.00223973996547248 0.00151651609004675 0.00124343351068 0 0.0013819197902385 0.00120201100803563 0.00269630698677478 0 0 0 0 0 0.00124020061613721 0 0.00192998991652903 0 0.00159146843268634 0 0 0.00185625641413516 0.00146886984715631 0.00195067239704965 0 0.00162236827633666 0.0019189909469028 0.00126860578117885 0 0 0.00167450123923628 0.00158089306824404 0 0 0.00116040462301045 0 0.00158627144142742 0 0.00176882487402128 0.00165436143900435 0 0.00124523442823916 0 0.00125198924676116 0 0.00155417871893061 0 0 0 0 0 0 0 0 0.0014105076412637 0.0012026207484359 0.00150888084515939 0
"Tfpi" 0 0.00156866116757603 0 0 0 0 0 0.00124170609696535 0 0 0 0 0 0 0 0.0017577801539414 0 0 0 0 0.00117336021905381 0 0.00139429377415847 0 0.00139052398926779 0.00132707590588713 0 0 0 0 0 0 0 0 0 0 0 0 0 0 0 0 0 0 0 0 0 0 0 0 0 0 0 0 0 0 0
"Serping1" 0 0.00143077702624639 0 0 0 0 0 0 0 0 0 0 0 0 0 0.00117847990326443 0 0 0 0 0 0 0 0 0 0 0 0 0 0 0 0 0 0 0 0 0 0 0 0 0 0 0 0 0 0 0 0 0 0 0 0 0 0 0 0 0
"Bmp5" 0 0.00181748975500293 0.00130880900456383 0.00128247069133391 0.00136662232336151 0.00128993716490977 0 0.00173927493694213 0 0 0.00118495932950721 0 0 0 0 0.0021444234285971 0 0.00132469264528377 0.00131077052655089 0 0.00185652795516258 0.00150708390001506 0.00192664670296883 0.00120595969554761 0.00193849045457438 0.00153997590500088 0.00168013882351154 0 0 0.00116127830558028 0 0 0 0 0 0.00158714214340449 0 0.00169288991956378 0.00187001436163829 0 0.00154024760140283 0.00121864579128404 0.00137649475029827 0.00118625190261023 0.00149960659734898 0 0 0 0 0 0.00119705093282491 0 0 0.00155379841419703 0.00123569492243231 0.00115688794834979 0.00139040818500106
"Pcdh1" 0 0.00153756139085828 0 0 0 0 0 0 0 0 0 0 0 0 0 0.00146443774054937 0 0 0 0 0.00130990616096732 0 0.00127197955683965 0 0.00117635266729357 0.00119712505988381 0 0 0 0 0 0 0 0 0 0 0 0 0 0 0 0 0 0 0 0 0 0 0 0 0 0 0 0 0 0 0
"Dll1" 0 0.00194543834345954 0.00125414594076283 0 0 0 0 0.00162161267721719 0 0.00124504292999566 0 0 0 0 0 0.0016836767215375 0 0.00127283421556171 0 0 0.00179543481333771 0.00137593477857519 0.0016324055789768 0 0.00145253689352195 0.00163797080061872 0 0 0 0 0.00116022257565556 0 0 0 0 0.00148122290325066 0 0.00140917773709175 0.00137380446035943 0 0.0011941354825135 0 0.00127678026021424 0.0012174791139386 0.00136230237800432 0 0 0 0 0 0 0 0 0.00122288166335228 0 0.00168354284324097 0
"Vtn" 0 0.00158623196583323 0 0 0 0 0 0 0 0 0 0.00213544206843871 0 0 0 0.00143023449826011 0 0 0 0 0.00123665863031292 0 0.00133963474455936 0 0.00127458862926799 0.00135350613046126 0 0 0 0 0 0 0 0 0 0 0 0 0.00120604704129986 0 0 0 0 0 0 0 0 0 0 0 0 0 0 0 0 0 0
"Inhbb" 0 0.00176049527843118 0.00155068651156779 0.00134824152997957 0.00131473132703614 0.0012731463712765 0.00140518989170421 0.00174722593807877 0 0.00124422548836121 0 0 0 0 0 0.00250688381187878 0 0.00141671484060534 0.00125948242668233 0 0.0021093381443535 0.00168641289883561 0.00201021570996925 0 0.00222769569231602 0.00159548491716882 0.00213124859038648 0 0 0.00127961922559439 0 0 0 0 0 0.00180227248753535 0 0.00177335691248797 0.001816862306537 0 0.00150966897787608 0.00117663786421384 0 0 0.00147698946909357 0 0 0 0 0 0 0 0 0.00150285622577395 0.00148673086408279 0 0
"Gas6" 0 0.00150255314277585 0 0 0 0 0 0 0 0 0 0 0 0 0 0.00118647136625684 0 0 0 0 0.00118582420122749 0 0.00124932580041872 0 0 0 0 0 0 0 0 0 0 0 0 0 0 0 0 0 0 0 0 0 0 0 0 0 0 0 0 0 0 0 0 0 0
"Fgf7" 0 0.00243961924686273 0 0 0 0 0.00228038570568765 0 0 0 0 0 0 0 0 0 0 0 0 0 0 0 0.00130741887800563 0 0 0 0 0 0 0 0 0 0 0 0 0 0 0 0 0 0 0 0 0 0 0 0 0 0 0 0 0 0 0 0 0 0
"Timp1" 0 0.0015123310283143 0 0 0 0 0.00234889399957674 0 0 0 0 0 0 0 0 0.00141850176658058 0 0 0 0 0.0012025586558728 0.00212927986684748 0.00132350471958295 0 0.00116265672285394 0.00121392884924285 0 0 0 0 0 0 0 0 0 0.00116541313176359 0 0 0 0 0 0 0 0 0 0 0 0 0 0 0 0 0 0 0.00117778484898954 0 0
"Vwf" 0 0.00232862154106789 0.00384617150905376 0 0 0 0 0 0 0 0 0 0 0 0 0.00128357640960157 0 0 0 0 0 0 0.00120945062995606 0 0 0 0 0 0 0 0 0 0 0 0 0 0 0 0 0 0 0 0 0 0 0 0 0 0 0 0 0 0 0 0 0 0
"Fn1" 0 0 0 0 0 0 0 0 0 0 0 0 0 0 0 0 0 0 0 0.00355817317440741 0 0 0 0 0 0 0 0 0 0 0 0 0 0 0 0 0 0 0 0 0 0 0 0 0 0 0 0 0 0 0 0 0 0 0 0 0
"Ocln" 0 0.0014592892110564 0 0 0 0 0 0.00115565551388437 0 0 0 0 0 0 0 0.00136078683707153 0 0 0 0 0 0 0.00118518532438034 0 0 0 0 0 0 0 0 0 0 0 0 0 0 0 0 0 0 0 0 0 0 0 0 0 0 0 0 0 0 0 0 0 0
"Plat" 0 0.00187139313165828 0 0 0 0 0 0.00135938890027968 0 0 0 0.00402226159441221 0 0 0 0.0016873298328899 0 0 0 0.00376305192776554 0.00133851398311272 0 0.0013966920440855 0 0.00130674012362785 0.00132800761722797 0 0 0 0 0 0 0 0 0 0.00124665355266552 0 0 0.00121623691549038 0 0 0 0 0 0 0 0 0 0 0 0 0 0 0 0 0 0
"Osm" 0 0.00446665458939584 0.00128129722667954 0 0 0 0.0012065758378941 0.00165470380371374 0 0.00148601624640097 0.00126935607160057 0 0 0.0012945130552982 0 0.00188403613626777 0 0.00131440585765175 0 0.00575092635394113 0.00184088558226187 0.00152552003411855 0.00201189048988944 0 0.0017661727020526 0.0018026525636716 0 0.00645637997940221 0 0 0.00154700819504594 0 0 0 0 0.0018957146713256 0 0.00135114643551604 0.00145798723582474 0 0 0 0.00117493115454041 0 0.00149527436092349 0.00122126648675497 0 0 0 0 0 0 0.00236101899467379 0.00134625371924325 0.00139903396550251 0 0.00133822839747805
"Vcam1" 0 0 0 0 0 0 0 0 0 0 0 0.00174132306296177 0 0 0 0 0 0 0 0 0 0 0 0 0 0 0 0 0 0 0 0 0 0 0 0 0 0 0 0 0 0 0 0 0 0 0 0 0 0 0 0 0 0 0 0 0
"Apoe" 0 0.00147857872071867 0 0 0 0 0 0 0 0.00398311039481062 0 0.00385945044556401 0 0 0 0.00141232557870475 0 0 0 0.00368591735096147 0 0.0038757690753724 0.00128461570807211 0 0 0 0 0 0 0 0 0.00392423267835548 0 0 0 0 0 0 0 0 0 0 0 0 0 0 0 0 0 0 0.00523227827316777 0.00504645545760657 0 0 0 0 0
"Tgfb2" 0 0.00190805271786732 0.00576007370235692 0 0.00119178659875394 0 0.00116495667700662 0.0048917055913293 0.00268969783792137 0.00143979714863163 0 0.00222230211950226 0 0.00125990790145213 0 0.00604055454509207 0 0.00135638336781128 0 0.0021985662674196 0.00183006461202542 0.00151409785873996 0.00185892402942727 0 0.00183805797545813 0.0017420769136518 0.00273951091521325 0 0.00251060727027853 0 0 0.00424300511753034 0 0 0 0.0017211211321104 0.00246844269781697 0.00133378902592852 0.00135316385988649 0 0.00145119148767289 0 0 0.0011859930133003 0.00133878558905958 0.00594686423756322 0.00696006450174547 0.00549724010344597 0.00776172268825919 0.00540350366439161 0 0 0 0.00132432671418004 0.00118800585049223 0 0.00153200399014485
"Inhba" 0 0.00172001366342803 0.00123346019800764 0.00118150903970432 0 0 0.0011940241331696 0.00162679185350827 0 0 0 0 0 0 0 0.00495713341653815 0 0.00124686314048462 0 0 0.00186551860441827 0.00141126483626065 0.00184805020512057 0 0.0020047963463321 0.00148875700115543 0.00175388027239287 0 0 0 0 0 0 0 0 0.00161932758605975 0 0.00158175593591024 0.00160318204927198 0 0.00136930441535858 0 0 0 0.0013624107183133 0 0 0 0 0 0 0 0 0.00138237706160458 0.00131050839403632 0 0
"Col4a1" 0 0.00131106101658828 0 0 0 0 0 0 0 0 0 0 0 0 0 0.00130493534145339 0 0 0 0 0 0 0.00118216257804888 0 0.00122304405896842 0 0 0 0 0 0 0 0 0 0 0 0 0 0 0 0 0 0 0 0 0 0 0 0 0 0 0 0 0 0 0 0
"Tnc" 0 0.00147863837550371 0 0 0 0 0 0.00118045399455545 0 0 0 0.00209476498652453 0 0 0 0.00123119974798745 0 0 0 0 0 0 0.00119812636326757 0 0.00116094684729201 0 0 0.00215980689639087 0 0 0 0 0 0 0 0 0 0 0 0 0 0 0 0 0 0 0 0 0 0 0 0 0 0 0 0 0
"Itgb7" 0 0.00137562694571343 0 0 0 0 0 0 0 0 0 0 0 0 0 0 0 0 0 0 0 0 0 0 0 0 0 0 0 0 0 0 0 0 0 0 0 0 0 0 0 0 0 0 0 0 0 0 0 0 0 0 0 0 0 0 0
"Sfrp2" 0 0.00208891783386218 0 0 0 0.00116082578186058 0 0.00148353628489058 0 0.00137537577703719 0 0.00125033476385552 0 0 0 0.00163573133508852 0 0 0 0 0.00145823140480373 0 0.00186160591153128 0 0.00169176044608365 0.00128257851090195 0.00120853363102754 0 0 0.00118870539870535 0.00156615232965021 0 0 0 0 0.00136871529297371 0 0.00135855541738664 0 0 0.0015555363456321 0.00118331243608323 0.00159755579995506 0.00170996697126283 0.00129352040835001 0 0 0 0 0 0.00143223710162526 0 0 0.00136840151192835 0 0 0
"Mmp9" 0 0.00168013374448286 0 0 0 0 0 0.00121538013297602 0 0 0 0.00418784664305765 0 0 0 0.00143870335246138 0 0 0 0.00379242755032811 0.00136532258067635 0 0.00133525797695098 0 0.00122463898826833 0.00131775964713932 0 0 0 0 0 0 0 0 0 0 0 0 0 0 0 0 0 0 0 0 0 0 0 0 0 0 0 0 0 0 0
"Edn1" 0 0.00166797816169625 0.00406632226576029 0.00507425261027675 0 0 0 0.00127971483878582 0 0 0 0 0 0 0 0.00154295705737696 0 0 0 0.00195713366293793 0.00119186886368411 0.0021558145226926 0.00144341020441212 0 0 0.00119475334146133 0 0 0 0 0 0 0 0.00214271184488378 0 0 0 0 0 0 0.00242602597592015 0.00214917490926885 0 0 0 0 0 0 0 0 0 0 0 0 0 0 0
"Bmp4" 0 0.00282542400280105 0.00121880167980661 0 0 0 0 0.00163746098150271 0.00690799655342899 0 0.00116472789278228 0.00220162980644983 0 0 0 0.00195808310737064 0 0.00126015879274672 0 0 0.00167989700560281 0.00128934031669421 0.00185626855263888 0 0.00168063057167453 0.00165073318849144 0.00116055854158314 0 0 0 0.00122099266834853 0 0 0 0 0.00152267215616941 0 0.00134691948039916 0.0014082331578757 0.00296009674059209 0.00265253295966565 0 0.00122575088579345 0 0.00132923683457015 0 0 0 0 0 0 0 0 0.00125729377508016 0.00132389165359035 0 0
"Tgfb3" 0 0.00162587704303284 0.00123585671162163 0 0 0 0 0.00446920500700439 0 0 0 0 0 0 0 0.00474246844207253 0 0 0 0 0.00171215492557961 0.00131286794977783 0.00164521209644254 0 0.00166748513061938 0.00143225240943012 0.00642598074252033 0 0 0 0 0.00219667614821806 0 0 0 0.00145915110208982 0 0.00143547050355449 0.00138792019126399 0 0.00119830485356036 0 0 0 0.00117458558665939 0 0 0 0 0 0 0 0 0.00125646845831403 0 0 0.00115794050756343
"Fgf1" 0 0.00165517880547517 0 0 0 0 0 0 0 0 0 0 0.00203974471976682 0 0.00528132530414328 0.00240747099328217 0 0 0 0.00185060820883847 0.00126282497199686 0 0.00146725544984714 0 0.00115716925079297 0.00122988507862243 0 0 0 0 0 0.00405193709315663 0 0 0 0 0.00224052357432998 0 0 0 0 0 0 0 0 0 0 0 0 0 0 0 0 0 0 0 0
"Il1b" 0 0.00296737219284813 0.00432704969277202 0.00516287095521492 0 0 0.00695102019209374 0.00471508674511481 0.00519723694642411 0.00254724050239757 0.00124120563646759 0.00533183165843309 0.00441637455365975 0.00119534012454829 0 0.00582539956101891 0 0.00145961489039303 0 0.00519880978995069 0.00174793447157904 0.00263537070462579 0.00193742800508225 0 0.00171200553725626 0.001727476436862 0.00251226830862568 0.0062124402077904 0.00556725311719056 0.00289194386681772 0.00123527964298185 0 0.00551197772515991 0.00602393238253779 0.00511984124811278 0.00163078371143697 0.00250634830949764 0.0012349335627712 0.00136605249310601 0 0.00265653439259913 0 0.00118503728979018 0 0.00131942486981391 0 0 0 0 0 0 0 0 0.0012130914051612 0.00144785826508979 0 0.00128859572181452
"Fgf2" 0 0.00486015034403085 0.00228653722799215 0 0 0 0 0.0014337325430763 0 0.00236694655946615 0 0.00523830534998965 0 0.00264716044747125 0 0.00561307382358825 0 0.00246573601933631 0 0.00209778431201249 0.0014694956705675 0.00538651594954828 0.00175304959895765 0 0.00263200187505393 0.00148156016694361 0.00245508572184439 0.00238793670167162 0.00244344294139355 0.00272894063036896 0.00244069056694097 0.00213698915373628 0 0 0 0.00139511301299673 0 0 0.00115776363504512 0 0 0 0 0 0.00115986129379706 0 0 0 0 0 0 0 0 0 0.00116999279610799 0 0
"Spp1" 0 0.00158408372530799 0 0.00495879526473618 0 0 0.0049989028848838 0.00125375186388455 0 0 0 0 0 0 0 0.00152723633884689 0 0.00424683178350971 0 0.00377514477134519 0.0014557991705183 0.0022846384445117 0.00153292593991244 0.00464786109374564 0.00130539850736186 0.00133409872616051 0.00447159030759513 0 0 0 0 0 0 0 0 0.00117497150695883 0 0 0 0 0 0 0 0 0 0 0 0 0 0 0 0 0 0 0 0 0
"Tgfb1" 0.0044648967027366 0.0049155449618628 0.00551568106052913 0.00527727585757168 0.00485394028475774 0.00518054605732199 0.00698701226936435 0.00583983968729012 0.00512348508486343 0.00566017293649168 0.0044763744617301 0.00539083089228823 0.00585914002902647 0.00697116831620746 0.00556543482970622 0.00587025025317145 0.00452512600179892 0.00592596870735485 0.00762564350377563 0.00514659632818426 0.00296597953804268 0.00256008438291661 0.00188015714086075 0 0.00173961119513968 0.00168793008127137 0.00263948532009254 0.00246276587944742 0.00255800440815857 0.00295418857773751 0.00259061551054549 0.00220228850676684 0.00280551947762687 0 0 0.00159500839792795 0.002517570023229 0.0013511796561731 0.00286538023665182 0 0.00268892497131888 0 0.0011584203367916 0.00268441222036767 0.00278480975554596 0 0.00247282170481276 0 0 0 0 0 0.00233966507029221 0.00121121991813088 0.00266262670309782 0 0.00120977130048633
