"Col1a2" "Col3a1" "Eln" "Fbn1" "Fkbp1a" "Fn1" "Ifit3" "Lox" "Postn" "Timp1" "Tpm4" "Vim" "Zyx" "Adamts2" "Clic1" "Gsn" "Sod3" "Bgn" "Cxcl12" "Gbp2" "Vegfd" "Ccnd3" "Sparc" "Actr1a" "Cdk6" "Tfpi" "Sema3b" "Capn2" "Ntf3" "Rtn2" "Irf9" "Ifitm3" "Col18a1" "Selenow" "Gnas" "Rpl13a" "Calm1" "Txn1" "Acadvl" "Eef1a1" "Clu" "Ldha" "Plpp3" "Ifih1" "Aldoa" "Gnai2" "Col4a2" "Adam10"
"Fbn1" 0 0 0 0 0 0 0 0 0 0 0 0 0 0 0.00118618362425712 0 0 0 0 0 0 0 0 0 0 0 0.00117753710846186 0 0 0 0 0 0 0 0 0 0 0 0 0 0 0 0 0 0 0 0 0
"Grn" 0 0 0 0 0 0.00119208824634968 0 0 0 0 0 0 0 0 0.00125302259519297 0.00116730278548686 0 0 0 0 0 0 0 0 0 0 0.00120341846124088 0 0 0 0 0 0 0 0 0 0 0 0 0 0 0 0 0 0 0 0 0
"Areg" 0 0 0 0 0 0.00132625011258291 0 0 0 0 0.00128278201052593 0 0 0 0.00151015140402405 0.00146688015036365 0 0 0 0 0 0.00229907627818057 0 0 0.00124514648525608 0 0.00131487490024381 0.00125462839000346 0 0 0 0 0.00138017578087077 0 0 0 0.0013034832364935 0 0.00128151256017285 0.00125998691182582 0 0 0 0 0.00117013754198042 0 0 0.00203081166482276
"Nid1" 0 0 0 0 0 0.00128306260991774 0 0 0 0 0 0 0 0 0 0 0 0 0 0 0 0 0 0 0 0 0 0 0 0 0 0 0 0 0 0.00128505502483982 0 0 0 0 0 0 0 0 0 0 0.00124289887545935 0
"Thbs1" 0 0 0 0 0 0.00141910159484223 0 0 0 0 0.00133505861149947 0.00141690885774176 0 0 0.00182345396889502 0.00144604146062644 0 0 0 0 0 0.0013763660374234 0 0 0.00138771202710747 0 0.00143290704199589 0.00134420029593843 0 0.00143002410622863 0.00119740723295747 0 0.0013219223561561 0 0.00133459037709554 0.0014105813710796 0.00129679672598832 0 0.00136908043871673 0.00137894099360452 0 0 0 0 0.00143965510866076 0.0015030072002434 0 0
"Lamb1" 0 0 0 0 0 0 0 0 0 0 0 0 0 0 0.00119537386418107 0 0 0 0 0 0 0 0 0 0 0 0.00127338452771187 0 0 0 0 0 0 0 0 0 0 0 0 0 0 0 0 0 0 0 0 0
"Fgf18" 0 0 0 0 0 0 0 0 0 0 0 0 0 0 0 0 0 0 0 0 0 0.00122637235477498 0 0 0 0 0 0 0 0 0 0 0 0 0 0 0 0 0 0 0 0 0 0 0 0 0 0
"Dll1" 0 0 0 0 0 0.00162161267721719 0 0 0 0 0 0.00146070062214552 0 0 0.00151926816379809 0.00144282621393935 0 0 0 0 0 0 0 0 0.00172272226110071 0 0.00161398723351063 0.00122430751474775 0.00146678538773012 0.00168647992082083 0 0.00126891285851985 0.00118395736710442 0 0.00159728530778475 0.00152665098202092 0.00135475017594528 0.00117233930324085 0.00123969628252412 0 0 0 0 0 0.00124446387229204 0.001368683056848 0 0.00128112800824053
"Pdgfa" 0 0 0 0 0 0.00123296085545922 0 0 0 0 0 0 0 0 0.00124228921160892 0.00121514959095903 0 0 0 0 0 0.00140181862712103 0 0.00219079836117463 0 0 0 0 0 0 0.00124411594350186 0 0 0 0 0 0 0 0 0 0 0 0 0 0.00120700424025391 0 0 0
"Ptprc" 0 0 0 0 0 0.00119866651376141 0 0 0 0 0 0 0 0 0.00133052415678482 0.00122172968473194 0 0 0 0 0 0.00138998895899727 0 0 0 0 0 0 0 0 0.00125457246721014 0 0 0 0 0 0 0 0 0 0 0 0 0.0022782943652454 0 0 0 0
"Vegfa" 0 0 0 0 0 0.00138374225895684 0 0 0 0 0 0.0011883629896787 0 0 0.00130843253079308 0.00126679382879855 0 0 0 0 0 0.00120044997756414 0.00237301976242974 0 0 0 0.00123721883563742 0 0 0 0 0 0 0 0 0 0 0 0 0 0.00217643341410883 0.0024203298334835 0.00475691902178917 0 0.00122503156799166 0 0 0
"Tgfb2" 0.00577280511684245 0 0.00116495667700662 0.00500298343691173 0 0.0048917055913293 0.00125224016507581 0 0 0.0021985662674196 0.00141125997817519 0.00167075884910359 0 0 0.0016894575952021 0.00166927348933181 0 0.00251060727027853 0 0 0 0.00146958672634208 0.00246844269781697 0.00232066495763596 0.00136222668256863 0 0.00131511747454082 0.00135375041256662 0 0.00140380485352873 0.00134895132840503 0 0.00129190673912139 0 0.00116652860960587 0.00129578224643982 0 0 0.00128001336089476 0.00152379385965225 0.00117019040478507 0.00117231517273391 0 0 0.00140650589996203 0.00128935259796975 0.00117341204846873 0
"Timp1" 0 0 0.00234889399957674 0.00219551364437295 0 0 0 0 0 0 0 0 0 0 0.00123890036130094 0.00118388440290614 0 0 0 0 0 0 0 0 0 0 0 0 0 0 0 0 0 0 0 0 0 0 0 0 0 0 0 0 0 0 0 0
"Mapt" 0 0 0 0 0 0 0 0 0 0 0 0 0 0 0 0 0 0 0 0 0 0 0 0 0 0 0 0 0 0 0 0 0 0 0 0 0 0.00431627938629702 0 0 0 0 0 0 0 0 0 0
"Fgf7" 0 0 0.00228038570568765 0 0 0 0 0 0 0 0 0 0 0 0 0 0 0 0 0 0 0 0 0 0 0 0 0 0 0 0 0 0 0 0 0 0 0 0 0 0 0 0 0 0 0 0 0
"Osm" 0 0 0.0012065758378941 0 0 0.00165470380371374 0.00141450046515593 0 0 0.00575092635394113 0.00152490400810612 0.00275861619400152 0 0 0.00175445886671701 0.00165611289779071 0 0 0.00260714131790059 0 0 0.00183799139268792 0 0 0.00140684065593407 0 0.00154664934244205 0.00166865976094348 0 0.00147658961307932 0.00189308147609707 0 0.00137966965858044 0 0.00130816140738821 0.0012228940409818 0.00132237275166417 0.00118680979863261 0.00127746408713839 0.00124197782331518 0.00132769702013783 0.00125518200606826 0 0 0.00137435577545459 0.00147097893727538 0 0
"Hmgb1" 0.00475573633823363 0.0051460437121562 0.00125569858199799 0 0 0.00195162346494514 0.00127648133465164 0.00120952648272162 0 0 0.00161330661735278 0.00180066031488312 0 0.0013123319917165 0.00244227739533442 0.00201262613336578 0 0 0.00116506972566423 0 0 0.00169091248317441 0 0.00134096387112529 0.0020635604842209 0 0.00185336076421747 0.00188763939567353 0.00148576731200321 0.00199734651669782 0.00147162063628243 0.00136559644676244 0.0016833063062463 0 0.00170276955605402 0.00206486264893879 0.00176559653114774 0.00116654675093612 0.00162575974689068 0.00172126792539754 0.00133133735129286 0.00134937039522869 0 0.001265829021311 0.00177637757815007 0.00190378192759775 0.00143155244986096 0
"Plau" 0.00450608085517301 0.00518332917048412 0 0 0 0.00220155418138859 0 0 0 0 0.00140508498686832 0.00153356217232183 0 0 0.00189375808425978 0.00153056012377104 0 0 0.00116951907381777 0 0 0.00151362883040681 0 0 0.00134528597111698 0 0.00146708168690059 0.0015274131108169 0.0011781955350177 0.00151897222494959 0.0012992163469092 0 0.00132869359411264 0 0.00206668657538063 0.0013420780259262 0.00122305469748439 0 0.00153019699966128 0.00139663811796756 0.00117049892226096 0.001334893955246 0 0 0.00152015262613006 0.00138124214942409 0 0
"Col4a1" 0 0 0 0 0 0 0 0 0 0 0 0 0 0 0 0.00115634119955729 0 0 0 0 0 0 0 0 0 0 0 0 0 0 0 0 0 0 0 0 0 0 0 0 0 0 0 0 0 0 0 0
"Ltb" 0.00131465587349838 0.00121763834466782 0 0 0 0.00128885537712403 0.00132127218960461 0 0.00118173484514058 0 0 0.00138243776295292 0 0 0.00128508125663504 0 0 0 0.00140344305001728 0 0 0.00159960502280019 0 0 0 0 0 0 0.00135388323759471 0.00126820103090284 0 0.00128405896383754 0 0 0 0 0 0 0 0 0 0 0 0 0 0 0 0
"Plat" 0 0 0 0 0 0.00135938890027968 0 0 0 0.00376305192776554 0 0 0 0 0.00132723406769894 0.00123618593677426 0 0 0 0 0 0.00115591653931336 0 0 0 0 0.00136174907171139 0 0 0 0 0 0 0 0 0 0 0 0 0 0 0 0 0 0 0 0 0
"Hspg2" 0 0 0 0 0 0 0 0 0 0 0 0 0 0 0.00116728230749624 0 0 0 0 0 0 0 0 0 0 0 0 0 0 0 0 0 0 0 0 0 0 0 0 0 0 0 0 0 0 0 0 0
"Mmp9" 0 0 0 0 0 0.00121538013297602 0 0 0 0.00379242755032811 0 0 0 0 0.00143850333762942 0.00121038026108012 0 0 0 0 0 0 0 0 0 0 0.00119330277637678 0.00116157806797452 0 0.0012064624451076 0 0 0 0 0 0 0 0 0 0 0 0 0 0 0 0 0 0
"Dll4" 0.0011644873402714 0.00124343351068 0.00120201100803563 0 0 0.00269630698677478 0 0 0 0 0 0.0017665762779185 0 0 0.00155279467161122 0.00152171114464648 0 0 0.00116884399873296 0 0 0 0 0.00125386188103464 0.00173968233718567 0 0.00194011382975834 0.00145962228832661 0.00121222033173012 0.00207873776874111 0 0.00151977460008216 0.0013602375603735 0 0.00191115248911308 0.00191617452977304 0.0014195428258565 0 0.00147021756951935 0.00125897370426649 0 0.00125021253953696 0 0 0.00139071133775004 0.00166870003326612 0 0.00152792566612266
"Bmp5" 0 0.00128247069133391 0 0 0 0.00173927493694213 0.00129710013644704 0.00118847232364942 0 0 0.00153337825011172 0.00148929278169747 0 0 0.0013756172737077 0.00211511714182402 0 0 0 0 0.00118095898381362 0.00139770437819508 0 0 0.00139655948012799 0 0.00173842606069595 0.00137822364557786 0 0.00132517415155658 0.00122203713743159 0 0.00177474943881919 0.00208829414476828 0.00139222012539679 0.00118867464669184 0 0.0012723882045896 0 0.00137928448598854 0.00136648937295704 0.00132086141429189 0 0 0 0.00122828831852613 0 0
"Agrn" 0 0 0 0 0 0 0 0 0 0 0 0.00120126973433229 0 0 0.00117719221576371 0 0 0 0 0 0 0 0 0 0 0 0 0 0 0 0 0 0 0 0 0 0 0 0 0 0 0 0 0 0 0 0 0
"Cxcl12" 0 0 0 0 0 0 0 0 0 0 0 0 0 0 0 0.00436968484743069 0 0 0 0 0 0 0 0 0 0 0 0 0 0 0 0 0 0 0 0 0 0 0 0 0 0 0 0 0 0 0 0
"Bdnf" 0 0 0 0 0 0.00131814272332761 0 0 0 0 0 0.00123276935318677 0 0 0.00142364959265521 0.00136240765392449 0 0 0 0 0 0.00128455972010539 0 0 0 0 0.00129354982081206 0.00134430225479386 0.00669804827247428 0.00134612350212297 0 0 0 0 0.00126483326807193 0 0 0 0 0 0 0 0 0 0 0.0011858265383077 0 0
"Fn1" 0 0 0 0 0 0 0 0 0 0.00355817317440741 0 0 0 0 0 0 0 0 0 0 0 0 0 0 0 0 0 0 0 0 0 0 0 0 0 0 0 0 0 0 0 0 0 0 0 0 0 0
"Fgf2" 0.00225688661748847 0 0 0 0 0.0014337325430763 0 0 0 0.00209778431201249 0.0012500830165794 0.00121929254447143 0 0 0.00157609138082823 0.00141316354573379 0 0.00244344294139355 0.00241942277429492 0 0 0.00425854402963477 0 0.0022295975385589 0.00425177820087254 0.00229760965268396 0.00122356384271807 0.00123109824936326 0 0.00120896013732689 0 0 0.00117025777011331 0 0 0 0 0 0 0 0 0 0 0 0.00123526067489422 0.00116409043667394 0 0
"Fgf1" 0 0 0 0 0 0 0 0 0.00528132530414328 0.00185060820883847 0 0 0 0 0.00121390140459223 0.00120151186737656 0 0 0 0 0 0 0.00224052357432998 0 0 0 0 0 0 0 0 0 0 0 0 0 0 0 0 0 0 0 0 0 0 0 0 0
"Il1b" 0 0.00516287095521492 0.00695102019209374 0 0 0.00471508674511481 0.00120954074822048 0 0 0.00519880978995069 0.00145221716898225 0.00140556229643095 0 0 0.00169915715100238 0.00161723592312028 0 0.00556725311719056 0.00473051781521624 0.00487909206664164 0.00530586547408753 0.00159917277814047 0.00250634830949764 0 0.001487069410112 0 0.00149861462194368 0.00129735136208848 0 0.00142486741234912 0.00145874428623768 0 0.00140493659882632 0 0.00125859410083264 0.00139552613097257 0.00252160299925607 0 0.00130447643801221 0.00130349768813734 0 0.00125830803449759 0 0 0.00144601901035561 0.0014320324843643 0 0
"Edn1" 0.00430284300218838 0.00507425261027675 0 0 0 0.00127971483878582 0 0 0 0.00195713366293793 0 0.00214614830596564 0 0 0.00124945330731138 0 0.00226081437859102 0 0 0 0 0 0 0 0 0 0 0 0 0 0 0 0 0 0 0 0 0 0 0 0 0 0 0 0 0 0 0
"Spp1" 0.00421524682203956 0.00495879526473618 0.0049989028848838 0 0 0.00125375186388455 0 0 0 0.00377514477134519 0 0.00118931505083177 0 0.00507234073704876 0.00129706631785776 0.00127344370334437 0 0 0 0 0 0 0 0 0 0 0.00119806221350567 0 0 0 0 0 0 0 0 0 0 0 0 0 0 0 0 0 0 0 0 0
"Tgfb1" 0.00782831487095467 0.00527727585757168 0.00698701226936435 0.00494533872999235 0.00436841205840133 0.00583983968729012 0.00466566099947073 0.00465483345413051 0.00556543482970622 0.00514659632818426 0.00510760544386226 0.00539500587814721 0.00433309254025048 0 0.00164313488636811 0.00163255409989271 0 0.00255800440815857 0 0 0 0.00146818803267612 0.002517570023229 0 0.00142720597913586 0 0.00140104309771909 0.00136616305241965 0 0.00138585513858408 0.00123834167437694 0 0.00138206816395869 0 0.00129140126221758 0.00128403063122846 0.00122107137240598 0 0.0012770073983341 0.00137513480490137 0.00239610071735005 0.00116525920248271 0 0.0023373522653487 0.00131030416960445 0.00125486824374904 0 0
