"Bhlhe40" "C1qc" "Cxcr4" "Hist1h1c" "Hmgcs1" "Igf1" "Mfge8" "Spp1" "Timp2" "Cd300lf" "Nrp2" "Trem2" "Bax" "Itgb5" "Ctsb" "Jund" "Lpl" "Adam15" "Acp5" "Cd68" "Clic1" "Fn1" "Msr1" "Actn1" "Cebpa" "Lat2" "Hist1h2bc" "Tmem256" "Tmem259" "Cd74" "Mmp12"
"App" 0.00411325458802371 0 0 0 0 0 0 0 0 0 0 0.00903548484531286 0.00453421164247564 0 0 0 0 0 0 0 0 0 0.00664361245058503 0 0 0.00440173376530123 0 0 0 0.00452267569578051 0
"Calr" 0 0 0 0 0 0 0 0 0 0 0 0 0 0 0 0 0 0 0 0 0.00474621761376163 0 0 0 0 0 0 0 0 0 0.00535031174456976
"Hgf" 0.00156689064027861 0 0.00225618584116214 0 0 0 0 0 0 0 0 0 0 0 0 0.00251520957684058 0 0 0 0 0.00140439520914955 0.00133088127579871 0 0 0 0 0 0 0 0 0
"Cfh" 0.00160571543477694 0 0 0 0 0 0 0 0 0 0 0 0 0 0 0.00174446326863227 0 0 0 0 0.00122300391336249 0 0 0 0 0 0 0 0 0 0
"Sema3c" 0 0 0 0 0 0 0 0 0 0 0 0 0 0 0 0 0 0 0 0 0.00139223960192855 0 0 0 0 0 0 0 0 0 0
"Cxcl14" 0.00137540485714723 0 0 0 0 0 0 0 0 0 0 0 0 0 0 0 0 0 0 0 0.00122697659003922 0 0 0 0 0 0 0 0 0.00173261983351821 0
"Ocln" 0.00124677430644355 0 0 0 0 0 0 0 0 0 0 0 0 0 0 0 0 0 0 0 0 0 0 0 0 0 0 0 0 0 0
"Itgal" 0.00128861640611329 0 0.00401634729587222 0 0 0 0 0 0 0 0 0 0.00360875209846123 0 0 0 0 0 0 0 0.00123249763383793 0 0 0 0 0 0 0.00429839541842237 0.00421075494159307 0 0
"Col4a1" 0.00128868388073533 0 0 0 0 0 0 0 0 0 0 0 0 0 0 0 0 0 0 0 0 0 0 0 0 0 0 0 0 0 0
"Lamc2" 0.00121646482671947 0 0 0 0 0 0 0 0 0 0 0 0 0 0 0 0 0 0 0 0.00123280355229482 0 0 0 0 0 0.00125889310958328 0 0 0 0
"Vegfc" 0.00128437372672471 0 0 0 0 0 0 0 0 0 0.00229929431217204 0 0 0 0 0.00123189346098633 0 0 0 0 0 0 0 0 0 0 0 0 0 0 0
"Grn" 0.00142155834374261 0 0 0 0 0 0 0 0 0 0 0 0 0 0 0.00128541025058924 0 0 0 0 0.00125302259519297 0 0 0.00124228720232841 0 0 0 0 0 0 0
"Hc" 0 0 0.00189264097626837 0 0 0 0 0 0 0 0 0 0 0 0 0 0 0 0 0 0 0 0 0 0 0 0 0 0 0 0
"Fbn1" 0.00145854018029071 0 0 0 0 0 0 0 0 0 0 0 0 0 0 0.00129186551753111 0 0 0 0 0 0 0 0 0 0 0 0 0 0 0
"Timp1" 0.00132148931322551 0 0 0 0 0 0 0 0 0 0 0 0.00192343441083086 0 0 0 0 0 0 0 0.00123890036130094 0 0 0 0.00122089398404123 0 0 0 0 0 0
"Pdgfb" 0.00162040003487655 0 0.00125161506674618 0 0 0 0 0 0 0 0 0 0.00377692683710619 0 0 0.0013233204057474 0 0 0 0 0.00127832106437133 0.00132765694970675 0 0 0 0 0 0 0 0 0
"Adam17" 0.00154248234840864 0 0.00240909846286069 0 0 0 0 0 0 0 0 0 0 0 0 0.00149068434798917 0.00231280472344531 0 0 0 0.00134863235874304 0.00144290224621979 0 0 0.00130090347798165 0 0 0 0 0 0
"Hspg2" 0.00137597068690354 0 0 0 0 0 0 0 0 0 0 0 0 0 0 0.00123991487003135 0 0 0 0 0 0 0 0 0 0 0 0 0 0 0
"Agrn" 0.00141521852043047 0 0 0 0 0 0 0 0 0 0 0 0 0 0 0.0012934323658225 0 0 0 0 0 0 0 0.00122034679844239 0 0 0 0 0 0 0
"Spp1" 0.00153738968692015 0 0.00222652946994726 0 0 0 0 0 0 0 0 0 0 0 0 0.00258795165478313 0 0 0 0 0.00129706631785776 0.00125375186388455 0 0 0 0 0 0 0 0 0
"Npnt" 0.00180532145696707 0 0 0 0 0 0 0.00124128190547671 0 0 0.00209512405061531 0 0 0 0 0 0 0 0 0 0 0 0 0 0 0 0.00163842029334009 0 0 0.00127657217051949 0
"Kitl" 0.00177880761287067 0 0.0013388812119757 0 0 0 0 0 0 0 0 0 0.00125861717266791 0 0 0.00136062372642687 0 0 0 0 0.00143163437345394 0.00143119944300955 0 0 0.00134715678536735 0.00448149389818876 0 0 0 0 0
"Tgfb3" 0.00174604769304927 0 0 0 0 0 0 0.00219667614821806 0 0 0 0 0 0 0 0.00133207275868981 0 0 0 0 0.00124604185718866 0.00446920500700439 0 0 0 0 0 0 0 0 0
"Hbegf" 0.00144743989565004 0 0 0 0 0 0 0 0 0 0 0 0.00369077923673185 0 0 0 0 0 0 0 0 0 0 0 0 0 0 0 0 0 0
"Lamb1" 0.00135403749472132 0 0.00205010290652881 0 0 0 0 0 0 0 0 0 0 0 0 0 0 0 0 0 0 0 0 0 0 0 0 0 0 0 0
"Cd2" 0.00147047963381097 0 0 0 0 0 0 0 0.00228328061033969 0 0 0 0 0 0 0.00128447849759284 0 0 0 0 0.00145336505569353 0.00127538173601901 0 0 0 0 0 0 0 0 0
"Mmp9" 0.0014344049434757 0 0 0 0 0 0 0 0 0 0 0 0.00364748249297431 0 0 0.00126406267504702 0 0 0 0 0.00143850333762942 0 0 0 0 0 0 0 0 0 0
"Cxcl12" 0.00131870328332502 0 0.00514400728896603 0 0 0 0 0 0 0 0 0 0 0 0 0 0 0 0 0 0 0 0 0 0 0 0 0 0 0 0
"Csf1" 0.00152857068923203 0 0 0 0 0.00230757315500023 0.00209297351180682 0 0 0 0 0 0.00124972259228168 0 0 0.00129487849319665 0 0 0.00476711552751169 0.00214939784101277 0.00127344950160326 0.00129742882723872 0.00299846426066718 0 0 0 0 0 0 0 0
"Vegfa" 0.00162788520857703 0 0.00229752507567877 0 0 0 0 0 0.00432247876643764 0 0 0 0.00378673150218 0.00210082044401233 0 0.00129390843058613 0 0.00237618191372868 0 0 0.00130843253079308 0.00138374225895684 0 0 0 0 0 0 0 0 0
"Angpt2" 0.00160331525643408 0 0 0 0 0.00275816006889406 0 0 0 0 0 0 0.00141702622743424 0 0.00259491672564111 0.00258576705549872 0.00142767211281848 0 0 0 0.00131285206862673 0.00132296024591051 0 0 0 0 0 0 0 0 0
"Fgf2" 0.00170652545263114 0 0.00238044816521948 0 0 0.00236694655946615 0 0.00213698915373628 0.00222098631620354 0 0 0 0.00378760245227831 0.00214873896277155 0 0.00137490775586645 0 0 0 0 0.00157609138082823 0.0014337325430763 0 0 0 0 0 0 0 0 0
"Lama2" 0 0 0 0 0 0 0 0.00396458162870324 0 0 0 0.00665882289727644 0 0 0 0 0 0 0 0 0 0 0 0 0 0 0 0.00420917998681357 0 0 0.00524677343539442
"Ltf" 0.00217754658361381 0 0.00123187059361817 0 0 0 0 0 0 0.0106159538823016 0.00791853548395338 0 0.0016627261894262 0 0 0.00139404346401363 0 0 0 0 0.00147434531050258 0.00134578290956992 0 0 0.0018326897171941 0 0.00122582786041209 0 0 0 0
"Apoe" 0 0.00517445847791113 0.00386829659248802 0.00386916431110248 0.00396959391231876 0.00398311039481062 0.00424099315901889 0.00392423267835548 0.00420291883098396 0 0 0 0 0 0 0 0 0 0 0 0 0 0 0 0 0 0 0 0 0 0
