"Abca1" "C1qb" "C1qc" "C3ar1" "Cd86" "Hmgcs1" "Igf1" "Mfge8" "Nek6" "Spp1" "Timp2" "Basp1" "Cd14" "Fabp4" "Fn1" "Hif1a" "Itgb5" "Acp5" "Msr1" "Ptgs1" "B4galt1" "Ccr5" "Slc3a2" "Tbxas1" "Apoe" "Cd72" "Pdpn" "Pmepa1" "Tgm2" "Rnf128" "Fkbp5" "Nrp2" "Ctsb" "Cpeb4" "Mmp14" "Il21r"
"Cd2" 0 0 0 0 0 0 0 0 0.00124560856965286 0 0.00228328061033969 0 0 0 0.00127538173601901 0 0 0 0 0 0 0 0 0 0 0 0 0 0 0 0 0 0 0.00113479495772317 0 0
"Col18a1" 0 0 0 0 0 0 0 0 0.00115018497470466 0 0 0 0 0 0 0 0 0 0 0 0 0 0 0 0 0 0 0 0 0 0 0 0 0 0 0
"Trf" 0 0 0 0 0 0 0 0 0.0013975257735112 0 0 0 0 0 0.00123741515913932 0.00379232108141822 0 0 0 0 0 0 0.00114616828612572 0 0 0 0 0 0 0 0.001278907113207 0 0 0.00124480174464682 0 0
"Fgf7" 0 0 0 0 0 0 0 0 0.0011123966960038 0 0 0 0 0 0 0 0 0 0 0 0 0 0 0 0 0 0 0 0 0 0 0 0 0 0 0
"Cxcl12" 0 0 0 0 0 0 0 0 0 0 0 0 0 0 0 0 0 0 0 0 0 0 0 0 0 0 0 0 0 0 0 0 0 0 0.00206926318512956 0
"Vegfd" 0 0 0 0 0 0 0 0 0.00122334509225132 0 0 0 0 0 0.00114840120915973 0.00111276762829078 0 0 0 0 0 0 0 0 0 0 0 0 0 0 0 0 0 0 0 0
"Nampt" 0.00129995434942519 0 0 0 0.00114286999908075 0 0.00116202527993788 0 0.00168475724708442 0 0 0 0.00117161492736991 0.00492993552203335 0.0015836944212677 0.0014639722037824 0 0 0 0 0.0014554184797482 0 0.00142104329326603 0.001420233250992 0 0 0 0.00131676506942781 0.001412287761434 0 0.00156883478380891 0.00121044917275163 0 0.00159341061968546 0 0.00130630775612749
"Pcdh1" 0 0 0 0 0 0 0 0 0.0011980170792334 0 0 0 0 0 0 0 0 0 0 0 0 0 0 0 0 0 0 0 0 0 0 0 0 0 0 0
"Selp" 0 0 0 0 0 0 0 0 0.00111628562828507 0 0 0 0 0 0 0 0 0 0 0 0 0 0 0 0 0 0 0 0 0 0 0 0 0 0 0
"Gas6" 0 0 0 0 0 0 0 0 0.00116555880380966 0 0 0 0 0 0 0 0 0 0 0 0 0 0 0 0 0 0 0 0 0 0 0 0 0 0 0
"Pkd1" 0 0 0 0 0 0 0 0 0.00126964773882859 0 0 0 0 0 0.00121201939533346 0 0 0 0 0 0 0 0 0 0 0 0 0 0 0 0.00110482642931167 0 0 0 0.00218694057591152 0
"Il34" 0 0 0 0 0 0 0 0 0 0 0 0 0 0 0.00116538306599723 0 0 0.00272185253372532 0 0 0 0 0 0 0 0 0 0 0 0 0 0 0 0 0 0
"Vtn" 0 0 0 0 0 0 0 0 0.00130825600203067 0 0.00215972048840517 0 0 0 0 0.00114420476477154 0 0 0 0 0 0 0 0 0 0 0 0 0 0 0 0 0 0.00119740781992082 0 0
"Itgam" 0 0 0 0 0 0 0 0 0.0012089409520911 0 0 0 0 0 0.001128916647372 0 0 0 0 0 0 0 0 0 0 0 0 0 0 0 0 0 0 0 0 0
"Lgals3" 0 0 0 0 0 0 0 0 0 0 0 0 0 0 0 0 0 0 0 0 0 0 0.00402165860077069 0 0 0 0 0 0 0 0 0 0 0 0 0
"Angpt2" 0.00115645052141167 0 0 0 0 0 0.00275816006889406 0 0.00153150769027882 0 0 0 0.00110650316174476 0 0.00132296024591051 0.00134673366897332 0 0 0 0 0.00117983952154002 0 0.00130462759412336 0 0 0 0 0.00112709493658926 0.00127059612461341 0 0.00134375682076803 0 0.00259491672564111 0.00123159257829479 0 0
"Vegfc" 0 0 0 0 0.00112755429992528 0 0 0 0.00142397638507753 0 0 0 0 0 0.00121493178321917 0.00141610094117883 0 0 0 0 0.00111905508366077 0 0 0 0 0 0 0 0 0 0.00111996443219644 0.00229929431217204 0 0.00113621351973385 0 0
"Pik3cb" 0 0 0 0 0 0 0 0 0 0 0 0 0 0 0 0.00200046767083967 0 0 0 0 0 0 0 0 0 0 0 0 0 0 0 0 0 0 0 0
"Ocln" 0 0 0 0 0 0 0 0 0 0 0 0 0 0 0.00115565551388437 0 0 0 0 0 0 0 0 0 0 0 0 0 0 0 0.00111867036300691 0 0 0 0 0
"Col5a3" 0 0 0 0 0 0 0 0 0.00113795040469671 0 0 0 0 0 0.00115700867749609 0 0 0 0 0 0 0 0 0 0 0 0 0.0011587087191155 0.00117696396555646 0 0 0 0 0 0 0
"Calm1" 0 0 0 0 0 0 0 0 0 0 0 0 0 0 0.00110436595243795 0 0 0 0 0 0 0 0 0 0 0 0 0 0 0.00496318180627517 0 0 0 0 0 0
"Tgfb3" 0 0 0 0 0 0 0 0 0.00152638043216141 0.00219667614821806 0 0 0 0 0.00446920500700439 0.00116391145876509 0 0 0 0 0 0 0.00131962936212562 0 0 0 0 0.00144443019006582 0.00136292263355952 0 0.00111162962357845 0 0 0.00115524937466783 0 0.00118478236460234
"Vegfa" 0 0 0 0 0.00245202942115846 0 0 0 0.00137793475686286 0 0.00432247876643764 0 0 0 0.00138374225895684 0.00387769051653293 0.00210082044401233 0 0 0 0 0 0 0 0 0.00206792822043719 0.00233932018021433 0 0 0 0.00119254421227772 0 0 0.00127974685021522 0 0
"Fgf1" 0 0 0 0 0 0 0 0 0.00117304364984508 0.00405193709315663 0 0 0 0 0.0011457713304802 0 0 0 0 0 0 0 0 0 0.00209526142255898 0 0 0 0 0 0 0 0 0 0 0
"Fgf2" 0 0 0 0 0 0 0.00236694655946615 0 0.00145297740252148 0.00213698915373628 0.00222098631620354 0 0 0 0.0014337325430763 0.00495312976158389 0.00214873896277155 0 0 0.00485148578121264 0.00126516424472822 0 0.00118022834151838 0.0011477006160935 0 0 0 0 0 0 0.00132397506182081 0 0 0.00132293185041027 0 0.00115092823513312
"Ccl3" 0 0 0 0 0.00129864865293094 0 0 0 0.00178190351622777 0 0 0 0.00125878514017059 0 0.00134693450082057 0 0 0 0 0.00120987935044691 0.00142150208936213 0.00247230219087986 0.0014373418705613 0.00264942682749288 0 0 0 0 0.00119484103697807 0 0.00114874029129841 0 0 0.00119907491805186 0 0.00119542246332688
"Csf1" 0 0 0 0 0 0 0.00230757315500023 0.00209297351180682 0.00132894521494624 0 0 0 0.0043400854220546 0 0.00129742882723872 0.0011696095514101 0 0.00476711552751169 0.00299846426066718 0.00231221453918943 0 0 0 0 0 0 0 0 0 0 0.00120001639944626 0 0 0.0011487661019364 0 0
"Tgfb1" 0.00240944311129614 0 0 0 0.00479029368772346 0 0.00566017293649168 0 0.00161445740760965 0.00220228850676684 0.00229989090525026 0.0044648967027366 0.00460091968010032 0.00465532966675315 0.00583983968729012 0.00512547950130937 0.00454188789266344 0 0.00319786447902971 0.00254018982370775 0.00135054142200582 0 0.00141667766262817 0.00128265712319287 0.0023615275634379 0 0 0.00139538051011674 0.00266884991861057 0 0.00144117895663344 0.00120073449129398 0.00112468361843517 0.00138720832574999 0 0.00127794308772683
"Apoe" 0.00548961383709839 0.00565009664284423 0.00517445847791113 0.00490866589710499 0.00444646867754721 0.00396959391231876 0.00398311039481062 0.00424099315901889 0 0.00392423267835548 0.00420291883098396 0 0 0 0 0 0 0 0 0 0 0 0 0 0 0 0 0 0 0 0 0 0 0 0 0
