"Acta2" "Basp1" "Ccnd1" "Cdkn1a" "Col1a1" "Col1a2" "Col3a1" "Col4a1" "Col5a1" "Des" "Eln" "Fbn1" "Fkbp1a" "Fn1" "Grem1" "Hif1a" "Igf1" "Lox" "Loxl2" "Mdm2" "Mmp2" "Nme1" "Pdgfa" "Pdgfrb" "Postn" "Serpine1" "Serpine2" "Snai1" "Sod2" "Tagln" "Thbs1" "Thbs2" "Timp1" "Tpm4" "Adamts4" "Anxa2" "Ccnd2" "Cd44" "Ecscr" "Fmod" "Gapdh" "Id3" "P4hb" "Ptn" "Runx1" "Spp1" "Tnc" "Actb" "Fam129b" "Ier5" "Nrcam" "Pfn1" "Sept9" "Tubb5" "Vasp" "Isyna1" "Myh9" "Tgfb2" "Enc1" "Lama5" "Ncam1" "Fst" "Hbegf" "Sparc" "Odc1" "Ranbp1" "Tm4sf1" "Pkm" "Col8a1" "Il13ra1" "Il1r1" "Inhba" "Mmp14" "Gnas" "Eno1" "Tagln2" "Angptl4" "Ctsk" "Ldha" "Tnfrsf12a" "Tpm1" "Adamts12" "Calm1" "Sfrp1" "Dclk1" "Ier5l" "Ppp1r14b" "Prdx5"
"Efnb1" 0 0 0.00129525828828361 0.00136241977901401 0 0 0 0 0 0 0 0 0 0 0 0 0 0 0 0 0 0 0 0 0 0 0 0 0 0 0 0 0 0 0 0 0 0 0 0 0 0.00102406367506184 0 0 0 0 0 0 0 0 0 0 0 0 0 0 0 0 0 0 0 0 0 0 0 0 0 0 0 0 0 0 0 0 0 0 0 0 0 0 0 0 0 0 0 0 0 0
"Adam9" 0 0 0.0012481863291085 0.00139974446987429 0 0 0 0 0 0 0 0 0 0 0 0 0 0 0 0 0 0 0 0 0 0 0 0 0 0 0 0 0 0 0 0 0.00102257582441805 0 0 0 0 0.00118594171338682 0 0 0.00102607094632616 0 0 0.00104802276845768 0 0 0 0 0 0 0 0 0 0 0 0 0 0 0 0 0 0 0 0 0 0 0 0 0 0 0 0 0 0 0 0 0 0 0 0 0 0 0 0
"Efnb2" 0 0 0.00114419677583603 0.00119974845135982 0 0 0 0 0 0 0 0 0 0 0 0 0 0 0 0 0 0 0 0 0 0 0 0 0 0 0 0 0 0 0 0 0 0 0 0 0 0 0 0 0 0 0 0 0 0 0 0 0 0 0 0 0 0 0 0 0 0 0 0 0 0 0 0 0 0 0 0 0 0 0 0 0 0 0 0 0 0 0 0 0 0 0 0
"Ltb" 0 0 0.00198167801473836 0.00197876231105226 0.00147580991085005 0.00131465587349838 0.00121763834466782 0.00121197718650406 0 0 0 0 0.00109330767282017 0.00128885537712403 0 0.00113224593109208 0.00125510632341231 0 0.0011036554037853 0.00113182366308294 0.00120241365851828 0.00120444566371989 0 0.00125634581966334 0.00118173484514058 0.00136859065053669 0 0 0.00126291260368123 0 0 0.00130684742449003 0 0 0 0 0.00132037609583645 0.00112007671378112 0.001218737137036 0.00122229393411661 0.00168526350729594 0.00143941041757547 0 0.00122247638891145 0.00129262687409045 0 0.00126563825816297 0.0014927927701708 0.00176600727677031 0.00122427269848006 0.00117828116451048 0.00121837481859104 0.00134151004207116 0.00132812022344578 0.00131018988181842 0.00101775781438379 0.00114753741559277 0 0 0.00120096612096948 0.00136013661076867 0.00136192108696075 0 0 0.00107406273699779 0.00123161613348447 0.00115629496006568 0.00139142654946109 0 0 0.00136821120145897 0 0 0 0.00112152877353512 0.00102657715494841 0.00105228696851331 0 0 0.00106424296276874 0 0 0 0 0.00144410627788329 0.00146039331428765 0.00143670626820358 0.00148132681159841
"Pcdh1" 0 0 0.00153756139085828 0.00171059303509075 0 0 0 0 0 0 0 0 0 0.00103965134935404 0 0 0 0 0 0.00104387358690154 0 0 0 0 0 0.00146443774054937 0 0 0 0 0 0 0 0 0 0 0.00110606876606754 0.0010685380836137 0 0 0.00102257405557049 0.0012965677340796 0 0 0.00117635266729357 0 0.00107349084818532 0.00130990616096732 0.00109442602441407 0.00113335967884579 0 0.00104015187847841 0.00119712505988381 0.00113651063837519 0.00102255171118882 0 0.00101428260710888 0.00108876398327872 0.00101998989312619 0.00111960137498037 0 0 0 0 0.00107188517144924 0 0.00120911185686436 0 0 0 0 0 0 0.00106603707303831 0 0.0011033243366148 0 0 0 0.00108977746843222 0.00102546917641193 0 0 0.0011140695316235 0 0 0 0
"Fn1" 0 0 0.00113878306186211 0.0014180315088664 0 0 0 0 0 0 0 0 0 0 0 0 0 0 0 0 0 0 0 0 0 0.00104757895443256 0 0 0 0 0 0 0.00355817317440741 0 0 0 0 0 0 0 0 0.00113495017629566 0 0 0 0 0 0.00105451467772412 0 0 0 0 0 0 0 0 0 0 0 0 0 0 0 0 0 0 0 0 0 0 0 0 0 0 0 0 0 0 0 0 0 0 0 0 0 0 0 0
"Calm1" 0 0 0.00143589454710299 0.00160268744489109 0 0 0 0 0 0 0 0 0 0.00110436595243795 0 0 0 0 0 0 0 0 0 0 0 0.0011979820152568 0 0 0 0 0 0 0 0 0 0 0.00105030753539939 0 0 0 0.00102623554491737 0.00139032272264926 0 0 0.00111438583067327 0 0 0.0012041471253463 0.00103010268337135 0.00102705329917812 0 0.00104838710845031 0.00109932982859305 0.00103779527525118 0 0 0.0010309690297833 0 0 0.00112557143270181 0 0 0 0 0.00108420676171275 0 0 0 0 0 0 0 0 0 0 0 0 0 0 0 0 0 0.00110077236343652 0 0 0 0 0
"Hebp1" 0 0 0.00122323537859884 0.00109830591430202 0 0 0 0 0 0 0 0 0 0 0 0 0 0 0 0 0 0 0 0 0 0 0 0 0 0 0 0 0 0 0 0 0 0 0 0 0 0 0 0 0 0 0 0 0 0 0 0 0 0 0 0 0 0 0 0 0 0 0 0 0 0 0 0 0 0 0 0 0 0 0 0 0 0 0 0 0 0 0 0 0 0 0 0
"Tgfb2" 0.00426472021027771 0 0.00190805271786732 0.00242732066735023 0.00576007370235692 0.00577280511684245 0 0.00119178659875394 0 0 0.00116495667700662 0.00500298343691173 0 0.0048917055913293 0.00268969783792137 0.00127602743835237 0.00143979714863163 0 0 0.00147020575357572 0.00222230211950226 0.0010961864018516 0 0.00125990790145213 0 0.00604055454509207 0 0.00111894400410458 0.00108365794336552 0 0.00135638336781128 0 0.0021985662674196 0.00141125997817519 0 0.00459734569206122 0.00170565816448646 0.00151409785873996 0.00660110650680246 0 0.00142447777506072 0.00229373581544947 0.00210587522167556 0 0.00183805797545813 0.00424300511753034 0.00273951091521325 0.00183006461202542 0.00152045450412193 0.00161802556105402 0 0.00160496966216414 0.0017420769136518 0.00159702134242239 0.00164419239163483 0 0.0017211211321104 0.00481347776799212 0.00133378902592852 0.00135316385988649 0.0026149651301924 0.00145119148767289 0.00102357968032111 0.00246844269781697 0.00142424032945431 0.00152969545739733 0.00142883319974461 0.00130841337916431 0 0 0 0 0 0.00116652860960587 0.00151025745887755 0.0014083566203029 0.00118800585049223 0 0.00117231517273391 0.00129475943414214 0.00133878558905958 0.00594686423756322 0.0011306943910618 0.00132432671418004 0.00127700450189237 0.00111646755575958 0.00117482977695061 0.00145825053132446
"Hc" 0 0 0.00128801837798495 0.00121904808611797 0 0 0 0 0 0 0 0 0 0 0 0 0 0 0 0 0 0 0 0 0 0.00104383446238057 0 0 0 0 0 0 0 0 0 0 0 0 0 0 0 0 0 0 0 0 0 0.00197842523846087 0 0 0 0 0 0 0 0 0 0 0 0 0 0 0 0 0 0 0 0 0 0 0 0 0 0 0 0 0 0 0 0 0 0 0 0 0 0 0 0
"Tnfsf13b" 0 0 0.00158421183865339 0.00171852712084425 0 0 0 0 0 0 0 0 0 0.00109533833164278 0 0 0 0 0 0.00111529853584931 0 0 0 0 0 0.00136500910715811 0 0 0 0 0 0 0 0 0 0 0.00115164477599072 0 0 0 0.00108957201095851 0.00133349852281733 0 0 0.00112718423064142 0 0 0.00118100036603681 0.00109948046523274 0.00109793122244044 0 0.00117966156174943 0.00122801591880543 0.00116128244547727 0.00105072431696286 0 0.00110440920299505 0 0 0.00101754385494799 0 0 0 0 0.00102102677502975 0.00116330358440472 0.00101497937423155 0 0 0 0 0 0 0 0.00102778981513166 0 0 0 0 0 0 0 0 0 0 0 0 0
"Pgf" 0 0 0.00206311573471318 0.00218818771600824 0.00124554231609147 0 0 0 0 0 0 0 0 0.00162008829024104 0 0.00268630549914874 0.00112828058342489 0 0 0.00138323208470499 0.0010863169778285 0.00102314103277396 0 0 0 0.00298476130021424 0 0 0.0012695184622155 0 0.00118249421152667 0 0 0.00108865766122381 0 0.0011951632580276 0.00158261528462413 0.00141373883130841 0 0 0.00169384392973226 0.00157292839406298 0 0 0.00142494469253823 0 0 0.00158456810076445 0.00132586828551885 0.00126269796731184 0 0.00126203699620948 0.00149788077948466 0.00147997949280216 0.00131265453326236 0 0.00137792234125744 0.00123442754740235 0.00111612898604106 0.00128375732887628 0.00105252112474296 0.00110347601932854 0 0 0.00123604900799273 0.00132606360345978 0.00119368958575058 0.0011349566432881 0 0 0 0 0 0.00108043125274648 0.00139563408352056 0.00112047586762639 0.00131367798619356 0 0.00126471674064846 0.00121742381247097 0.00104362371908881 0 0.00105200644092734 0 0 0.00105203833123394 0.00119159449395154 0.00110695455722531
"C3" 0 0 0.00130640296869222 0.00139342762829878 0 0 0 0 0 0 0 0 0 0 0 0 0 0 0 0 0 0 0 0 0 0.00111300782215802 0 0 0 0 0 0 0 0 0 0 0 0 0 0 0 0 0 0 0 0 0 0 0 0 0 0 0 0 0 0 0 0 0 0 0 0 0 0 0 0 0 0 0 0 0 0 0 0 0 0 0 0 0 0 0 0 0 0 0 0 0 0
"Pdgfb" 0.00401243838224681 0 0.00397971566562292 0.00419351935735484 0.00417536407881862 0 0 0 0 0 0 0 0 0.00132765694970675 0 0.00382549008940774 0.00106574523931879 0 0 0.0011476893123666 0 0 0 0 0 0.00156817640621023 0 0 0.00384315562232967 0 0.00108799530040516 0 0 0.00113746807586935 0 0.00105436861818193 0.00429672473558718 0.0011635867863639 0 0 0.00126895285760113 0.00159394092011876 0 0 0.00147464683283873 0 0 0.00134724812981761 0.00118194491140881 0.00119230462118915 0 0.00118626414954706 0.00142416720260589 0.00135624863183566 0.0012903746990906 0 0.00123530278212532 0 0.00101649105164662 0.00118737509160926 0 0.00102534703398873 0 0 0.00127333888746206 0.00130261490045116 0.00111597513948511 0.00104480783019093 0 0 0 0 0 0.00104280472467621 0.00112726451370872 0.00117211390773972 0.00114363905678107 0 0 0.00104917703515875 0.00102559215565563 0 0 0 0 0 0 0
"Plat" 0 0 0.00187139313165828 0.00199289280426787 0.00108487625927281 0 0 0 0 0 0 0 0 0.00135938890027968 0 0.00121173673433455 0 0 0 0.00122629304835977 0.00402226159441221 0 0 0 0 0.0016873298328899 0 0 0.00220045032754589 0 0.00101369215935221 0 0.00376305192776554 0.00111567178449562 0 0.00102265494860081 0.00137187945835533 0.00107030861742904 0 0 0.00126865777935597 0.00148462046055328 0 0 0.00130674012362785 0 0 0.00133851398311272 0.00118321810716416 0.00110337173872012 0 0.00130243540425315 0.00132800761722797 0.00117253535851988 0.00121357849896867 0 0.00124665355266552 0.0010840746003078 0.00103690286690994 0.00121623691549038 0 0 0 0 0.00133651435688351 0.0010831758416878 0.00107645388017378 0 0 0 0 0 0 0.00104484009730756 0.0011226646268057 0.00119455385018028 0.00114226988083267 0 0.00106698463415765 0.0011258649822431 0.00107226211671829 0 0 0 0 0 0 0.00102392159418446
"Col4a1" 0 0 0.00131106101658828 0.00152308824586791 0 0 0 0 0 0 0 0 0 0.00106112244878979 0 0 0 0 0 0 0 0 0 0 0 0.00130493534145339 0 0 0 0 0 0 0 0 0 0.00108578841577469 0 0 0 0 0 0.00147693163390325 0 0 0.00122304405896842 0 0 0.00115017429167651 0.00106661637212179 0 0 0 0.0011243936873812 0 0 0 0.00106085628965234 0 0 0.00102586027996013 0 0.00104663601668057 0 0 0 0 0 0 0 0 0 0 0 0.00102210992724797 0 0 0 0 0 0 0 0 0 0 0 0 0 0
"Ghrl" 0 0 0.00162544191092792 0.00181502530273677 0 0 0 0 0 0 0 0 0 0.00118256350553609 0 0 0 0 0 0.00109558628639039 0 0 0 0 0 0.00147947632017556 0 0 0.00376959631959112 0 0.00103845124214908 0 0 0.00104778409223197 0 0 0.00108256345799885 0 0 0 0.00116570626151248 0.00129659715703991 0 0 0.00108981334633386 0 0 0.0012186132653669 0.00107613313045675 0.00101898222962442 0 0.00113972986475383 0.00119346029136579 0.00122510166080333 0.00109682417992677 0 0.00107233981320187 0 0 0.00111022438865172 0 0 0 0 0.00112890191755707 0.00106059550235309 0 0 0 0 0 0 0 0 0 0 0.00241104831689305 0 0 0.00103337272987273 0 0 0 0 0 0 0 0
"Anxa1" 0 0 0.00102340123510354 0.00108754437855886 0 0 0 0 0 0 0 0 0 0 0 0 0 0 0 0 0 0 0 0 0 0 0 0 0 0 0 0 0 0 0 0 0 0 0 0 0 0 0 0 0 0 0 0 0 0 0 0 0 0 0 0 0 0 0 0 0 0 0 0 0 0 0 0 0 0 0 0 0 0 0 0 0 0 0 0 0 0 0 0 0 0 0 0
"Itgb7" 0 0 0.00137562694571343 0.00149768513569796 0 0 0 0 0 0 0 0 0 0 0 0 0 0 0 0 0 0 0 0 0 0.00109496086558617 0 0 0 0 0 0 0 0 0 0 0.00105448025634764 0 0 0 0 0.00126248559824723 0 0 0 0 0 0 0 0.00105132935200554 0 0 0 0 0 0 0 0 0 0 0 0 0 0 0 0 0 0 0 0 0 0 0 0 0 0 0 0 0 0 0 0 0 0 0 0 0 0
"Gas6" 0 0 0.00150255314277585 0.00146331534233639 0 0 0 0 0 0 0 0 0 0.00104929271815995 0 0.00104919612611961 0 0 0 0 0 0 0 0 0 0.00118647136625684 0 0 0 0 0 0 0 0 0 0 0.00118968747540761 0 0 0 0.0010504165680936 0.00126816267266571 0 0 0 0 0 0.00118582420122749 0 0 0 0 0.00110974344934697 0 0 0 0.00102391887770156 0 0 0 0 0 0 0 0 0 0 0 0 0 0 0 0 0 0 0 0 0 0 0 0 0 0 0 0 0 0 0
"Gmfb" 0 0 0.00203720956877876 0.00209926887534938 0.00114054163702413 0 0 0 0 0 0 0 0 0.00130616209103307 0 0.001152522595317 0 0 0 0.00130925407845439 0 0 0 0 0 0.00166968055547085 0 0.00107538218942486 0.00114366129344655 0 0.0011375497307543 0 0 0.00104422452527073 0 0.00112038644403343 0.0013897080667851 0.00114788365570801 0 0 0.0014149408589975 0.00149349716164946 0 0 0.00140041659020334 0 0 0.00146436565661762 0.0012590183157614 0.00128902758899243 0 0.00132626750936323 0.00145263552012441 0.00142819368202294 0.00134438463674558 0 0.00129952860585796 0.00107279953316035 0.00117271966596214 0.00122988117256969 0 0.0010369790584715 0 0 0.00124245551372558 0.00124056005856439 0.00119971916877171 0.00104933331459789 0 0 0 0 0 0.00122241312625556 0.00118274633882868 0.0011755126647806 0.00107793570719328 0 0 0.00117495971312081 0.00121468668190827 0 0 0 0 0.00102793187639643 0.00104153322255121 0.00112470559438963
"Itga4" 0 0 0.00117521952264516 0.0013082501693038 0 0 0 0 0 0 0 0 0 0 0 0 0 0 0 0 0 0 0 0 0 0 0 0 0 0 0 0 0 0 0 0 0 0 0 0 0 0 0 0 0 0 0 0 0 0 0 0 0 0 0 0 0 0 0 0 0 0 0 0 0 0 0 0 0 0 0 0 0 0 0 0 0 0 0 0 0 0 0 0 0 0 0 0
"Arf1" 0 0 0.00106004851856561 0.00121303997570744 0 0 0 0 0 0 0 0 0 0 0 0 0 0 0 0 0 0 0 0 0 0 0 0 0 0 0 0 0 0 0 0 0 0 0 0 0 0 0 0 0 0 0 0 0 0 0 0 0 0 0 0 0 0 0 0 0 0 0 0 0 0 0 0 0 0 0 0 0 0 0 0 0 0 0 0 0 0 0 0 0 0 0 0
"Rps19" 0 0 0.00126701179914019 0.00135389490823109 0 0 0 0 0 0 0 0 0 0 0 0 0 0 0 0 0 0 0 0 0 0 0 0 0 0 0 0 0 0 0 0 0 0 0 0 0 0.00107412121932173 0 0 0 0 0 0 0 0 0 0 0 0 0 0 0 0 0 0 0 0 0 0 0 0 0 0 0 0 0 0 0 0 0 0 0 0 0 0 0 0 0 0 0 0 0 0
"Vtn" 0 0 0.00158623196583323 0.0017769906296124 0.00101776131910191 0 0 0 0 0 0 0 0 0.00109963710734361 0 0.00114420476477154 0 0 0 0.00108139550357923 0.00213544206843871 0 0 0 0 0.00143023449826011 0 0 0 0 0 0 0 0 0 0.00103595923883082 0.00123010153750834 0 0 0 0.00126522681743315 0.00134949648192441 0 0 0.00127458862926799 0 0 0.00123665863031292 0.00123366922500115 0.0011503884746171 0 0.00125092172814967 0.00135350613046126 0.00118535265845761 0.00117591269864652 0 0.00112680764185737 0 0.00101501863705696 0.00120604704129986 0 0 0 0 0.00119385493614758 0.00105762948934047 0.00114116393944232 0 0 0 0 0 0 0.00106324563405029 0.00105168075393205 0.00112238548630877 0 0.00222306126611308 0 0.00102801903407625 0 0 0 0 0 0 0 0
"Timp1" 0 0 0.0015123310283143 0.00176512062962605 0.00103132068675187 0 0 0 0 0 0.00234889399957674 0.00219551364437295 0 0.00113296424283607 0 0 0 0 0 0.00108254863815627 0 0 0 0 0 0.00141850176658058 0 0 0 0 0.00106549809592081 0 0 0 0 0.00102118899659618 0.00123085114254304 0.00212927986684748 0 0 0.00111531478825188 0.00150295758249535 0.00192681678723294 0 0.00116265672285394 0 0 0.0012025586558728 0.00101532934910987 0.0010804268741039 0 0.00118860312839794 0.00121392884924285 0.00115012204897536 0.00106485344402186 0 0.00116541313176359 0 0.00109185472556001 0.00108804645183508 0 0 0 0 0.00108735627556723 0.00107514851845182 0.00103366888725601 0 0 0 0 0 0 0 0 0 0.00117778484898954 0 0 0 0 0 0 0 0 0 0 0
"Yars" 0 0 0.00139265318762368 0.00169190123587818 0 0 0 0 0 0 0 0 0 0.00117306738261956 0 0 0 0 0 0.00118003192422298 0 0 0 0 0 0.00130132172395418 0 0 0 0 0 0 0 0 0 0 0 0 0 0 0 0.00125950121872176 0 0 0.00116021126250794 0 0 0.00103185817592897 0 0 0 0 0.00111767945265177 0.00112218224299495 0 0 0 0 0.00104238369616901 0 0 0.0011733813897788 0 0 0 0 0 0 0 0 0 0 0 0 0.00104220337226807 0.00101458346670644 0 0 0 0 0 0 0 0 0 0 0 0
"Copa" 0 0 0.00113718058342662 0.00119846050664446 0 0 0 0 0 0 0 0 0 0 0 0 0 0 0 0 0 0 0 0 0 0 0 0 0 0 0 0 0 0 0 0 0 0 0 0 0 0 0 0 0 0 0 0 0 0 0 0 0 0 0 0 0 0 0 0 0 0 0 0 0 0 0 0 0 0 0 0 0 0 0 0 0 0 0 0 0 0 0 0 0 0 0 0
"Il1b" 0.00111144969690318 0 0.00296737219284813 0.00457889077460727 0.00432704969277202 0.00102599638462219 0.00516287095521492 0 0 0 0.00695102019209374 0 0 0.00471508674511481 0.00519723694642411 0.00518861535750679 0.00254724050239757 0 0 0.00148421655032417 0.00533183165843309 0.00122259439481428 0.00441637455365975 0.00119534012454829 0 0.00582539956101891 0 0.00119024426440054 0.00519312841301362 0 0.00145961489039303 0.00103413994864676 0.00519880978995069 0.00145221716898225 0.0062124402077904 0.00261117992049089 0.00169003370985696 0.00263537070462579 0 0.00289194386681772 0.00162769845514528 0.00481314634896284 0 0 0.00171200553725626 0 0.00251226830862568 0.00174793447157904 0.00151908690638467 0.00146733127762813 0 0.00161909072056996 0.001727476436862 0.00158594809031943 0.00156550817193479 0.00248824112780248 0.00163078371143697 0.00124837658132785 0.0012349335627712 0.00136605249310601 0.00122128181692812 0.00265653439259913 0 0.00250634830949764 0.00154017991191509 0.00152966298144826 0.00132277137278516 0.00122595836165268 0.00551197772515991 0.00476765015397886 0.00694940989099363 0.00511984124811278 0.00488326992590717 0.00125859410083264 0.00149459820693863 0.00135759262380025 0.00144785826508979 0 0.00125830803449759 0.00254872960636661 0.00131942486981391 0 0.00252160299925607 0.0012130914051612 0.0011790506827128 0.00122673455526166 0.0012394065431789 0.00134619401138505
"Gpi1" 0 0 0 0.0017677010676815 0 0 0 0 0 0 0 0 0 0 0 0 0 0 0 0 0 0 0 0 0 0 0 0 0 0 0 0 0 0 0 0 0 0 0 0 0 0 0 0 0 0 0 0 0 0 0 0 0 0 0 0 0 0 0 0 0 0 0 0 0 0 0 0 0 0 0 0 0 0 0 0 0 0 0 0 0 0 0 0 0 0 0 0
"Bmp4" 0.00413856235093631 0 0.00282542400280105 0.00314605775773029 0.00121880167980661 0.00101617793848336 0 0.00106492606322081 0.00107152754032733 0 0 0 0 0.00163746098150271 0.00690799655342899 0.00140652004539028 0.00107114566288954 0 0 0.00146112579798381 0.00220162980644983 0.00118394744879641 0.00103688409381032 0 0 0.00195808310737064 0 0.00110557032283251 0.00104588899384841 0 0.00126015879274672 0.00106091988451866 0 0.00133449626877576 0 0.0014074570290259 0.00155066769729061 0.00128934031669421 0 0 0.00151062941428825 0.0031134178316229 0 0 0.00168063057167453 0 0.00116055854158314 0.00167989700560281 0.00146956587216526 0.00138583951106783 0.00103193352798091 0.00143300676592414 0.00165073318849144 0.00153711971467272 0.00143151173080917 0 0.00152267215616941 0.00129035136807453 0.00134691948039916 0.0014082331578757 0.00125584733437903 0.00265253295966565 0.00101608340768898 0 0.00139694185283906 0.00146312650638173 0.00135069267171423 0.00124834876585614 0 0 0 0 0 0.00129208715619899 0.0014070999242616 0.00135165136015141 0.00132389165359035 0 0.00118719449753814 0.00138586600501744 0.00132923683457015 0 0.00124067792067049 0.00125729377508016 0.00116710452440646 0.00122954574188298 0.0010970340223851 0.00122720236339226
"Vcam1" 0 0 0.00101712323048887 0.00123732350505556 0 0 0 0 0 0 0 0 0 0 0 0 0 0 0 0 0.00174132306296177 0 0 0 0 0 0 0 0 0 0 0 0 0 0 0 0 0 0 0 0 0 0 0 0 0 0 0 0 0 0 0 0 0 0 0 0 0 0 0 0 0 0 0 0 0 0 0 0 0 0 0 0 0 0 0 0 0 0 0 0 0 0 0 0 0 0 0
"Fgf1" 0 0 0.00165517880547517 0.00172438615322352 0 0 0 0 0 0 0 0 0 0.0011457713304802 0 0 0 0 0 0.00106290315168148 0 0 0.00203974471976682 0 0.00528132530414328 0.00240747099328217 0 0 0 0 0 0 0.00185060820883847 0 0 0 0.0012407605486942 0 0 0 0.00108596591128406 0.00144977728309828 0 0 0.00115716925079297 0.00405193709315663 0 0.00126282497199686 0.00112075831308228 0.0010702346143253 0 0.00106913997913822 0.00122988507862243 0.00116920393796588 0.00108460354547928 0 0.00110625333023813 0 0.001031260585296 0 0 0 0 0.00224052357432998 0 0.00104347468283822 0 0 0 0 0 0 0 0 0 0.00106187338909939 0 0 0 0 0 0 0 0 0 0 0 0
"Mmp9" 0.00387865172969125 0 0.00168013374448286 0.00177374486570155 0.00111111005972621 0 0 0 0 0 0 0 0 0.00121538013297602 0 0 0 0 0 0.00104955035575396 0.00418784664305765 0 0 0 0 0.00143870335246138 0 0 0 0 0.00103851634112459 0 0.00379242755032811 0.00113076949037393 0 0.00103880819385333 0.00116104928125516 0 0 0 0.00117644706106746 0.00136684470328049 0 0 0.00122463898826833 0 0 0.00136532258067635 0.00120095347038088 0.00114880748160296 0 0.00123962414145568 0.00131775964713932 0.00119742703413151 0.00127598962493952 0 0.00114688291389529 0 0 0.00110725377784128 0 0 0 0 0.00112334521315028 0.00112203972725607 0.00107465463928719 0 0 0 0 0 0 0 0.00105630289271844 0.00106017316969769 0.00101757388396891 0 0 0.00113931068814894 0.00101363988611103 0 0 0 0 0 0 0
"Edn1" 0 0 0.00166797816169625 0.00188972934016114 0.00406632226576029 0.00430284300218838 0.00507425261027675 0 0 0 0 0 0 0.00127971483878582 0 0.00215869823303724 0 0 0 0.00111255409961879 0 0 0 0 0 0.00154295705737696 0 0 0.00377306822695088 0 0.00107620731155021 0 0.00195713366293793 0.00104874399070875 0 0 0.00118816643119783 0.0021558145226926 0 0 0.00126633164836397 0.00140391789878661 0 0 0.00113317261631609 0 0 0.00119186886368411 0.00106432463285987 0.00107638145261478 0 0.00120159539202971 0.00119475334146133 0.00125963308360365 0.00104781425194271 0.00210794094243877 0.00112539673770424 0.00102250305295204 0 0.00109789413576251 0 0.00242602597592015 0.00214917490926885 0 0.00111912864305946 0.0011497652090874 0 0 0 0 0 0 0 0 0 0.00102988746174776 0.00108585055233817 0 0 0 0 0 0 0 0 0 0 0
"Tgfb3" 0.00407582238883859 0 0.00162587704303284 0.00225560517487711 0.00123585671162163 0 0.00103604519821638 0.00106760603302712 0.00110408354303471 0 0.00107851761243098 0 0 0.00446920500700439 0 0.00116391145876509 0 0 0 0.00127187971854487 0 0.00101439269387709 0 0 0 0.00474246844207253 0 0 0 0 0.00107998525785206 0 0 0.00108314033458296 0 0.00134456078833214 0.00125994327621658 0.00131286794977783 0 0 0.00110563178684529 0.00202957344950618 0.00205980992087896 0 0.00166748513061938 0.00219667614821806 0.00642598074252033 0.00171215492557961 0.0012831778123221 0.00135347340220635 0 0.0013860823839256 0.00143225240943012 0.00136146995552084 0.00114502240893747 0 0.00145915110208982 0.0013767278673098 0.00143547050355449 0.00138792019126399 0.00226850657271411 0.00119830485356036 0 0 0.00115560048468542 0.00113954184911647 0.00131305082479475 0.00117160013313915 0 0 0 0 0 0.00117878296305067 0.00105809804941729 0.00128860596609987 0.00111470524778343 0 0.00109136303037504 0.00118897882277208 0.00117458558665939 0 0 0.00125646845831403 0 0 0 0.00103014461884696
"Vwf" 0.00376622506227698 0 0.00232862154106789 0.001610812123258 0.00384617150905376 0 0 0 0 0 0 0 0 0.00109901751747858 0 0 0 0 0 0.00102592135532979 0 0 0 0 0 0.00128357640960157 0 0 0 0 0 0 0 0 0 0 0.00118071999362242 0 0 0 0 0.00125103675654099 0 0 0.00107191850919342 0 0 0.00105613922150055 0 0 0 0 0.00104725817667612 0 0 0.00204088956950176 0.00101929878944556 0.00421558763554107 0 0 0 0 0 0 0 0 0 0 0 0 0 0 0 0 0 0 0 0 0 0 0 0 0 0 0 0 0 0
"Spp1" 0 0 0.00158408372530799 0.00187530116358333 0.00111379146622818 0.00421524682203956 0.00495879526473618 0 0 0 0.0049989028848838 0 0 0.00125375186388455 0 0.00109791002016398 0 0 0 0.0011997696364407 0 0 0 0 0 0.00152723633884689 0 0 0 0 0.00424683178350971 0 0.00377514477134519 0.00109622640384678 0 0.00106488429002455 0.00132470875953889 0.0022846384445117 0 0 0.00119273253630364 0.0014267373474043 0 0 0.00130539850736186 0 0.00447159030759513 0.0014557991705183 0.00120316975019438 0.00122259504577811 0.00464786109374564 0.00123120779421862 0.00133409872616051 0.00133668505344441 0.00127119297061563 0 0.00117497150695883 0 0.00102487113709424 0.00115069493087207 0 0 0 0 0.00114697927128862 0.00118698658189753 0.00103966098444528 0 0 0 0 0 0 0.00101959110481208 0.00110317312324098 0.00104735392720594 0.00102266876945881 0 0 0.00103031782855664 0.00102033286831262 0 0 0 0 0 0 0.00107585164381746
"Fgf2" 0 0 0.00486015034403085 0.00301269652847111 0.00228653722799215 0.00225688661748847 0 0 0 0 0 0 0 0.0014337325430763 0 0.00495312976158389 0.00236694655946615 0 0 0.00125081449987009 0.00523830534998965 0 0 0.00264716044747125 0 0.00561307382358825 0 0 0.0010278191494014 0 0.00246573601933631 0 0.00209778431201249 0.0012500830165794 0.00238793670167162 0.00238775461227508 0.00261560597912654 0.00538651594954828 0.00277489061980416 0.00272894063036896 0.00271055838891752 0.00175528603823209 0.00201522497073303 0.00256750309028565 0.00263200187505393 0.00213698915373628 0.00245508572184439 0.0014694956705675 0.00129258483736188 0.00134645097729705 0 0.00128777347451712 0.00148156016694361 0.00145246228974306 0.00131994407984827 0 0.00139511301299673 0.00110162238137972 0.00112076820154975 0.00115776363504512 0.0010707139286358 0.00110562309399546 0 0 0.00120542844579429 0.00139379096363892 0.00123748167171438 0.00107908739915419 0 0 0 0 0 0.00107867647370738 0.00128235102553557 0.00124360771361438 0.00116999279610799 0 0.00110235189829532 0.00123904410968292 0.00115986129379706 0 0.00109276604038802 0 0.00102470407284978 0.00109096535302298 0 0.00114559180987005
"Tgfb1" 0.00418218125163802 0.0044648967027366 0.0049155449618628 0.00548303347996596 0.00551568106052913 0.00782831487095467 0.00527727585757168 0.00485394028475774 0.00518054605732199 0.00667980754670224 0.00698701226936435 0.00494533872999235 0.00436841205840133 0.00583983968729012 0.00512348508486343 0.00512547950130937 0.00566017293649168 0.00465483345413051 0.00519585533520799 0.0045332986722952 0.00539083089228823 0.00433370091195563 0.00585914002902647 0.00697116831620746 0.00556543482970622 0.00587025025317145 0.00452512600179892 0.0046202192485117 0.00392899524263237 0.00666074381041192 0.00592596870735485 0.00762564350377563 0.00514659632818426 0.00510760544386226 0.00246276587944742 0.00136584088336789 0.00157270359399169 0.00256008438291661 0 0.00295418857773751 0.00153336342413857 0.00311605929807148 0 0 0.00173961119513968 0.00220228850676684 0.00263948532009254 0.00296597953804268 0.00149136829657546 0.00145440274252408 0.00103773902803215 0.00149627334430383 0.00168793008127137 0.00163917850063023 0.00154803841155808 0.00244096580435543 0.00159500839792795 0.00128689244248201 0.0013511796561731 0.00286538023665182 0.00267931776254805 0.00268892497131888 0.00102022313447565 0.002517570023229 0.00142562893293575 0.00144999892443804 0.00130791091179883 0.00119245953389744 0.00280551947762687 0 0 0 0 0.00129140126221758 0.00137383199363539 0.0014048054064054 0.00266262670309782 0.00235088053120539 0.00116525920248271 0.00264835032139451 0.00278480975554596 0 0.00122107137240598 0.00121121991813088 0.00118166960833495 0.00119786124610887 0.0011454292070118 0.00125644357451268
