"Actb" "Cdkn1a" "Ddit4" "Ier3" "Mcl1" "Myh9" "Selp" "Synpo" "Fkbp5" "Ncor2" "Pim3" "Fas" "Gadd45g" "Picalm" "S1pr1" "Capn2" "Cltc" "Sbno2" "Smg7" "Hif1a" "Tagln2" "Atp1a1" "Ch25h" "Grrp1" "Gpr182" "Tspan2" "Lrrfip1" "Ldha" "Flnb" "Inafm2" "Jmjd1c" "Susd6" "Tcim" "Col4a1" "Inhbb" "Adamts9"
"Osm" 0.00184088558226187 0.00248001209218667 0.00210403567606266 0.00201189048988944 0.00199346159761992 0.0018957146713256 0 0.00188455021034445 0.00158949086744805 0.00129815584142308 0.00124473775822451 0.00173445814957043 0.00166412188727665 0.00127391081243318 0.0011143320196803 0.00166865976094348 0.00136255030034649 0.00188687406724925 0.00155546793897889 0.00249617331596988 0.0014918933348859 0.00109929871434568 0 0 0 0 0.00121506612815236 0.00125518200606826 0.00144165065519177 0 0.00129664699485621 0 0 0 0.0010277820250293 0.0028912166649987
"Trf" 0.00140718378024421 0.00189333676174759 0.00144940946874807 0.00153028712903923 0.00123662720435778 0.00125016956577398 0 0.00124912553627246 0.001278907113207 0.00102443392562214 0 0.000980009746113315 0.00110775910678111 0.00109118911953192 0 0.00111696825952103 0.00106605233700846 0.00101885194466263 0.00096106850736193 0.00379232108141822 0.00122380914411356 0 0 0 0 0 0.00109557097124997 0.00104451534945397 0.0010470033567884 0 0.00102881888018641 0 0 0 0 0
"Ntn1" 0.0010058150558532 0.00130085892686475 0.00103475089289383 0.00108915639692191 0 0 0 0 0 0 0 0 0 0 0 0 0 0 0 0 0 0 0 0 0 0 0 0 0 0 0 0 0 0 0 0
"Wnt4" 0.00147917445796823 0.00189606743532997 0.00188546961557161 0.00174788098222967 0.00130893799275423 0.00119482182413759 0 0.00123238668692183 0.00125179426759569 0.00119966488766239 0.00144257471481377 0.00100081000467852 0.00113623881393065 0.000983548259227355 0 0.00121978982504801 0.0012137447216612 0.00100324166958226 0.000968214358662599 0.00113164822840234 0.00125443769965013 0 0 0 0 0 0.000981040202510204 0 0.00107195423158736 0 0.00117793952720976 0 0 0 0 0
"Itgam" 0.00115234982413562 0.00166340261824615 0.0012890493648742 0.00128710215959032 0.00112066620251466 0.00107240406286459 0 0.00121011541602748 0.00101583288835441 0 0 0.000989583014928849 0.00100430731014693 0 0 0.000984376353009685 0 0 0 0 0.000970900777017894 0 0 0 0 0 0.000967966404909967 0 0 0 0 0 0 0 0 0
"Celsr1" 0.00116897170075957 0.00158334674085987 0.00130298764969844 0.0016512166756348 0.000974652771331724 0.00113894929144281 0 0.0011468795928139 0 0.00106999429638356 0 0 0 0.000995863912866498 0 0.00111575099883826 0 0 0 0 0 0 0 0 0 0 0 0 0.00101697961881944 0 0 0 0 0 0.00114492202676393 0
"Efna1" 0.00102265707669694 0.0015095279291241 0.00111338267770668 0.00108892135936537 0 0 0 0 0 0 0 0 0 0 0 0 0 0 0 0 0 0 0 0 0 0 0 0 0 0 0 0 0 0 0 0
"Wnt5a" 0.00112272444746442 0.00157387631446763 0.00130864618364539 0.0012835506280478 0.00104114670696938 0.00104953267291779 0 0.00103734664673774 0.00105179447152351 0 0 0 0 0 0 0.00104755904861395 0 0 0 0 0.000965019658561164 0 0 0 0 0 0 0 0 0 0 0 0 0 0 0
"Gpi1" 0 0.0017677010676815 0 0 0 0 0 0 0 0 0 0 0 0 0 0 0 0 0 0 0 0 0 0 0 0 0 0 0 0 0 0 0 0 0 0
"Col1a1" 0.00150260770807709 0.00205156612943967 0.00174718468208684 0.00154697020220672 0.0013171274871054 0.00127585516052212 0 0.00138155603525327 0.00114071815932327 0.00127333579034548 0.00132754963775339 0.00111804035406983 0.00120490897322715 0.00129028686531741 0 0.00129993998403701 0.00105809075345512 0.00109683068324806 0.00118919928226628 0.00114965533500126 0.00142931651634521 0 0 0 0 0 0.00131625400256107 0.000978598894529991 0.00124593578244914 0 0.00119162844092763 0 0 0 0.00100348015571815 0
"Hgf" 0.00134835715116902 0.00199003703539692 0.0015963198371996 0.00152173838182139 0.00254599209435178 0.00121069804375481 0 0.00130070209824309 0.00120418944173977 0.00105721653993207 0.00102029849038591 0.00235802665943484 0.00115056805644858 0.000997680369293374 0 0.00111771811777873 0.00108708067446079 0.00101773492639786 0.00104068748588405 0.00117093206118782 0.00110408446567662 0 0 0 0 0 0.000985953080838795 0.0010717228319416 0 0 0.0010874008251715 0 0 0.00466413216211115 0 0
"Bmp5" 0.00185652795516258 0.00243775803578108 0.00200162481544074 0.00192664670296883 0.00145950561061858 0.00158714214340449 0 0.00168451624693657 0.00145815354990321 0.00125032543464915 0 0.00128998099045659 0.00158710233152191 0.00150547884757393 0 0.00137822364557786 0.00130496183194775 0 0.00127480296521977 0.00118484323316278 0.00167560968229711 0.00119689015866252 0 0 0 0 0.0016779099626114 0.00132086141429189 0.00148108094776808 0.0025579514966613 0.00176317688589287 0.00326083274138628 0.00201583692211044 0.00136662232336151 0 0.00124753550802837
"Hebp1" 0 0.00109830591430202 0 0 0 0 0 0 0 0 0 0 0 0 0 0 0 0 0 0 0 0 0 0 0 0 0 0 0 0 0 0 0 0 0 0
"Mmp9" 0.00136532258067635 0.00177374486570155 0.00141412881462259 0.00133525797695098 0.0042324033320783 0.00114688291389529 0 0.00120711844938187 0.00109612075075737 0.000977272031464984 0 0.00100328568024478 0.0010230241727797 0.00103548205187268 0 0.00116157806797452 0 0 0 0.000964672704351194 0.00106017316969769 0 0 0 0 0 0.00101513742020319 0 0 0 0 0 0 0 0 0
"Cxcl16" 0 0.00103272200773857 0 0 0 0 0 0 0 0 0 0 0 0 0 0 0 0 0 0 0 0 0 0 0 0 0 0 0 0 0 0 0 0 0 0
"C3" 0 0.00139342762829878 0.0011054895450197 0.00110182053095711 0 0 0 0 0 0 0 0 0 0 0 0 0 0 0 0 0 0 0 0 0 0 0 0 0 0 0 0 0 0 0 0
"Vegfd" 0.00122379582036767 0.00176118675042989 0.00138481859500287 0.00158322425384147 0.00113808303274888 0.00114737489574876 0 0.00111905846123063 0.00107361322638668 0.00096281244271474 0 0 0 0 0 0.00104186691358256 0 0 0 0.00111276762829078 0.00101548255936024 0 0 0 0 0 0 0.000995386771002785 0.00100249522891038 0 0.000998840953300253 0 0 0 0 0
"Itga9" 0.00107845839557812 0.00153211443884538 0.00116997823154714 0.00111990274159448 0 0 0 0 0 0 0 0 0 0 0 0 0 0 0 0 0 0 0 0 0 0 0 0 0 0 0 0 0 0 0 0
"Hc" 0.00197842523846087 0.00121904808611797 0.000961175085631553 0 0 0 0 0 0 0 0 0 0 0 0 0 0 0 0 0 0 0 0 0 0 0 0 0 0 0 0 0 0 0 0 0
"Itgb7" 0.00100823625689274 0.00149768513569796 0.00118416498729352 0.00111638879194851 0.000964597945132943 0 0 0 0 0 0 0 0 0 0 0 0 0 0 0 0 0 0 0 0 0 0.00105339940127159 0 0 0 0 0 0 0 0 0
"Pkd1" 0.00129830543141427 0.00377401514156348 0.0013731736139846 0.00140221731548483 0.00112222999116323 0.00119268319896436 0 0.00116417610084485 0.00110482642931167 0.000986942736176696 0 0.00101576856028194 0.00102117902815068 0 0 0.00107228653999311 0 0 0 0.000991289617058619 0.00101282838625741 0 0 0 0 0 0.000981003563416673 0 0.00109783458168652 0 0.000957612888242878 0 0 0 0 0
"Penk" 0 0.00110561323730995 0 0 0 0 0 0 0 0 0 0 0 0 0 0 0 0 0 0 0 0 0 0 0 0 0 0 0 0 0 0 0 0 0 0
"Cxcl2" 0 0.00132452488563961 0.00104252021259637 0.00105675375354495 0 0 0 0 0 0 0 0 0 0 0 0 0 0 0 0 0 0 0 0 0 0 0 0 0 0 0 0 0 0 0 0
"Dsg2" 0 0.0010775286945399 0 0 0 0 0 0 0 0 0 0 0 0 0 0 0 0 0 0 0 0 0 0 0 0 0 0 0 0 0 0 0 0 0 0
"Efnb2" 0 0.00119974845135982 0 0.000957075983192659 0 0 0 0 0 0 0 0 0 0 0 0 0 0 0 0 0 0 0 0 0 0 0 0 0 0 0 0 0 0 0 0
"Sema3e" 0.00102028307311591 0.00152438834003111 0.00113633665053215 0.0010767912816448 0.000995838216138638 0 0 0 0 0 0 0 0 0 0 0 0 0 0 0.00115652544778068 0 0 0 0 0 0 0 0 0 0 0 0 0 0 0 0
"Itga4" 0 0.0013082501693038 0 0.000987407534430331 0 0 0 0 0 0 0 0 0 0 0 0 0 0 0 0 0 0 0 0 0 0 0 0 0 0 0 0 0 0 0 0
"Tnc" 0.00113302069762406 0.00164164008714949 0.00134730181547385 0.00119812636326757 0.0010763607005673 0.0011023572752852 0 0.00102816431642319 0.00100638573934569 0 0 0 0.000961165558879599 0 0 0.00109084173257511 0.000975432014375442 0 0 0 0 0 0 0 0 0 0.0010517541407796 0 0 0 0 0 0 0 0 0
"Itgb1" 0.00105680613317923 0.0023583641063619 0.00116214155369887 0.00111289387909132 0.000991810661214601 0.000959342627294909 0 0 0 0 0 0 0 0 0 0 0 0 0 0 0 0 0 0 0 0 0 0 0 0 0 0 0 0 0 0
"Cd24a" 0.00111160841279975 0.00168189949515965 0.00413030560598323 0.0042252454743507 0.00103054889148973 0.000994850920624813 0 0.00107133803166733 0.00427821351545805 0 0 0 0 0 0 0 0 0 0 0 0 0 0.00539251770179806 0.00619499513618379 0.00665864341589796 0.00500389569898182 0 0 0 0 0 0 0 0 0 0
"Fgf10" 0 0.00144466638482769 0.00111395514306934 0.00106994094440697 0 0 0 0 0 0 0 0 0 0 0 0 0 0 0 0 0 0.00390165611301432 0 0 0 0 0 0 0 0 0 0 0 0 0 0
"Efnb1" 0 0.00136241977901401 0.000973934989669129 0.000995863644069516 0 0 0 0 0 0 0 0 0 0 0 0 0 0 0 0 0 0 0 0 0 0 0 0 0 0 0 0 0 0 0 0
"Npw" 0 0.00101397727958555 0 0 0 0 0 0 0 0 0 0 0 0 0 0 0 0 0 0 0 0 0 0 0 0 0 0 0 0 0 0 0 0 0 0
"Pik3cb" 0.000993210203427552 0.00239390556252766 0.00120123085530808 0.00123277734646345 0.00100068250889322 0 0 0.00113108757845792 0 0 0 0 0 0 0 0 0 0 0 0.00200046767083967 0 0 0 0 0 0 0 0 0 0 0 0 0 0 0 0
"Fgf7" 0.00109533849537324 0.00162696765585824 0.00128524232057812 0.00130741887800563 0.00105026114866937 0.00101204289915805 0 0.00113254344306767 0.00101659273803326 0 0 0.00519764221138315 0 0 0 0 0 0 0 0.000983559505980519 0.00107664503474142 0 0 0 0 0 0 0 0 0 0 0 0 0 0 0
"Lamb2" 0.00122785065043676 0.00186433102548193 0.00138420109951235 0.00130340368556918 0.0013020756742901 0.00112257739291612 0 0.00114815000356182 0.00110396252916652 0 0 0.00104391186079182 0.00105121153315668 0 0 0.00116068258735429 0.0011060349405976 0.00113949807695955 0.0011057909253919 0 0.00106647066156083 0 0 0 0 0 0 0 0.00102031180602486 0 0 0 0 0 0 0
"Sell" 0.0010149108441841 0.00161010851206998 0.00129086311065181 0.00115262108038711 0.000972311608459659 0 0 0.000966943207851169 0 0 0 0 0 0 0.002126534664824 0 0 0 0 0 0 0 0 0 0 0 0 0 0 0 0 0 0 0 0 0
"Angpt2" 0.00149273164062777 0.00480643361495988 0.00164015595602889 0.00187209972299205 0.00134325813793524 0.001453242382684 0 0.00140160619952122 0.00134375682076803 0.00134081155938542 0.00118142662131563 0.0014132706387981 0.00139196810123479 0.00150510112994123 0 0.00124972139211645 0.00125755456687546 0.00125393128508731 0.00104978452139894 0.00134673366897332 0.00109406356225767 0 0 0 0 0 0.0012286680174492 0.00101193089651756 0.00124684621538776 0 0.0012059317392258 0 0 0 0.000969705178676484 0
"Nucb2" 0 0.00128435180340083 0.00101433932675748 0.000966760211901614 0 0 0 0 0 0 0 0 0 0 0 0 0 0 0 0 0 0 0 0 0 0 0 0 0 0 0 0 0 0 0 0
"Selplg" 0.000960851999208765 0.00133041601505317 0.00111377657575033 0.0011329053881389 0 0 0.00261856202650119 0 0 0 0 0 0 0 0 0 0 0 0 0 0 0 0 0 0 0 0 0 0 0 0 0 0 0 0 0
