"Atf4" "Cdkn1a" "Clic1" "Cmip" "Ddit4" "Fam129b" "Fkbp5" "Ier3" "Ldha" "Lmna" "Midn" "Ncl" "Per1" "Rps2" "Serpine1" "Stat3" "Tubb5" "Actb" "Bcl2l1" "Cfl1" "Ctnnb1" "Eef1a1" "Mcl1" "Nos3" "Socs3" "Fli1" "Ndufs2" "Rpl26" "Rplp2" "Rps11" "S100a10" "Ier5" "Synpo" "Dusp6" "Plat" "Plaur" "Sparc" "Ablim1" "Fas" "Lpp" "Ntn1" "Gadd45g" "Sparcl1" "Cd34" "Cd38" "Timp3" "Dll1" "Sema7a" "Pkm" "Hif1a" "Ntrk2" "Col4a1" "Aldoa" "Tnfrsf1a" "Cxcl12" "Mlec" "Vwf" "Xbp1" "Anxa2" "Upp1" "Abcg2" "Adam15" "Adamts1" "Emp1"
"Dusp18" 0.000973607068776803 0.00206366380754605 0.00128394906732881 0.00115895331522368 0.0013415177122274 0.00109250155861778 0.00102949045264347 0.00160624002126808 0 0.00135759360487114 0.0014034571479139 0 0.00137296464751021 0.000950026260456814 0.00138480460269428 0.00142128884420372 0.00112442306928093 0.00130772291678558 0.0017100271428841 0.00107670953997785 0.00111622892327765 0.000969334981621454 0.00122632287138172 0.00117063326365588 0.0013380680088355 0.00115517603272862 0.000966441466188204 0 0.00100852782441691 0.000937329799519977 0.00108528246424237 0.00126666702298614 0.00111087731962887 0.00108686251198182 0 0 0 0.00103432645233739 0.00132966941999058 0.00110294427839675 0 0.00106997580095416 0 0 0 0 0 0 0.000935389529529863 0.00122080792418593 0 0 0.00117987341067274 0.00101200433015837 0 0.000960514597527944 0 0 0.00103512003800386 0 0 0 0 0
"Pcdh7" 0 0.0011073049331042 0 0 0 0 0 0 0 0 0 0 0 0 0 0 0 0 0 0 0 0 0 0 0 0 0 0 0 0 0 0 0 0 0 0 0 0 0 0 0 0 0 0 0 0 0 0 0 0 0 0 0 0 0 0 0 0 0 0 0 0 0 0
"Aimp1" 0 0.00138978309478463 0.00101309634879989 0 0.00106709121418156 0 0 0.00107699228901053 0 0.00112974921564656 0.00104831205826506 0 0.00110640479923312 0 0.00111150102224077 0.00104320586775203 0.000994972561572203 0.000979952541562362 0.000942892550810122 0 0 0 0 0.000949456001910282 0 0 0 0 0 0 0 0 0 0 0 0 0 0 0 0 0 0 0 0 0 0 0 0 0 0 0 0 0 0 0 0 0 0 0 0 0 0 0 0
"Cxcl16" 0 0.00103272200773857 0 0 0 0 0 0 0 0 0 0 0 0 0 0 0 0 0 0 0 0 0 0 0 0 0 0 0 0 0 0 0 0 0 0 0 0 0 0 0 0 0 0 0 0 0 0 0 0 0 0 0 0 0 0 0 0 0 0 0 0 0 0
"Il1b" 0.0013466748045543 0.00457889077460727 0.00169915715100238 0.0016556273175035 0.00198793173317504 0.00151908690638467 0.00147210059049608 0.00193742800508225 0.00125830803449759 0.00185961464387552 0.00188508915080592 0.00119742543511738 0.00198126491894363 0.00112938496458181 0.00582539956101891 0.00456753520907281 0.00158594809031943 0.00174793447157904 0.00574291384899857 0.00127743690163914 0.00535254945616374 0.00130349768813734 0.00467818552363432 0.00310340599199174 0.00585863121138335 0.00153065030577391 0.00126457536697877 0.0010234824435418 0.0012045340185769 0.00116396983810999 0.00149033324773179 0.00146733127762813 0.0016238894128799 0.00146855126881699 0.00462272691470985 0.00102004735818039 0.00250634830949764 0.00138599495325945 0.00258825405817564 0.00152518495117881 0.00122277554874208 0.00152348202806054 0 0 0.000999133429601048 0.00642038480425871 0.00115716930432747 0.00109253984950799 0.00122595836165268 0.00518861535750679 0 0.000955354552276033 0.00144601901035561 0.0028408585681371 0.00473051781521624 0.00112350172138909 0.000963554808029678 0.000997773865450683 0.00261117992049089 0.000956340879395406 0.00465369794826533 0.00498984755065295 0.00610819585501071 0.00111900767737437
"Vegfd" 0 0.00176118675042989 0.00111060183328328 0.0010704323367544 0.00138481859500287 0.00102986078105812 0.00107361322638668 0.00158322425384147 0.000995386771002785 0.0013085977446279 0.00134039054286113 0 0.00113509010576592 0 0.00150030888017588 0.00135789115175684 0.00103689483084106 0.00122379582036767 0.00139800473406082 0 0.00107668184623521 0 0.00113808303274888 0.0011504533170673 0.0012461150561939 0 0 0 0 0 0.00106328020841118 0 0.00111905846123063 0.00102418823131028 0 0 0 0.000951890555706213 0 0.00101006252663396 0 0 0 0 0 0 0 0 0 0.00111276762829078 0 0 0.00110039059966099 0.000990308032944089 0 0 0 0 0.00102925656855587 0 0 0 0 0
"Itga4" 0 0.0013082501693038 0 0 0.00094454277221798 0 0 0.000987407534430331 0 0.000955221832747007 0 0 0 0 0.000972367212919405 0 0 0 0 0 0 0 0 0 0 0 0 0 0 0 0 0 0 0 0 0 0 0 0 0 0 0 0 0 0 0 0 0 0 0 0 0 0 0 0 0 0 0 0 0 0 0 0 0
"Ptprf" 0.000981356618850426 0.00151787481172459 0.00116091215762288 0.00128452933641757 0.00130075708066729 0.00112010282211907 0.00113944885736706 0.00140569912016991 0 0.00125201437082661 0.00121010980346786 0.000943939790471627 0.00118540456891783 0 0.00122533242559474 0.00126875853487382 0.00111232546847081 0.00126970680747263 0.00130804193786653 0 0.00102741222866503 0.000976782418328564 0.00110302561083929 0.00107150177738133 0.00106147883327957 0.00094306571240567 0.000986770903123508 0 0 0 0.0011213103276824 0.000975486330277919 0.0011283799829617 0.00100395668690283 0 0 0 0.000983779773087196 0.000973342691797199 0 0 0.000961794514337891 0 0 0 0 0 0 0 0.00104683960479203 0 0 0.000975448429615 0 0 0 0 0 0.000948709081796685 0 0 0 0 0
"Itgb1" 0 0.0023583641063619 0.00106593535012395 0.000963298663136677 0.00116214155369887 0.000944095579616126 0 0.00111289387909132 0 0.00115612719647975 0.00107018082969332 0 0.00112333865586986 0 0.00107956227691662 0.00107692131126464 0.000971023133365895 0.00105680613317923 0.00111741936383508 0 0.000954299561512551 0 0.000991810661214601 0.000984441775831357 0.000953444136613616 0 0 0 0 0 0 0.000955716804358766 0.000937275172272041 0 0 0 0 0 0 0 0 0 0 0 0 0 0 0 0 0 0 0 0 0 0 0 0 0 0 0 0 0 0 0
"Nenf" 0 0.00110405787973591 0 0 0 0 0 0 0 0 0 0 0 0 0 0 0 0 0 0 0 0 0 0 0 0 0 0 0 0 0 0 0 0 0 0 0 0 0 0 0 0 0 0 0 0 0 0 0 0 0 0 0 0 0 0 0 0 0 0 0 0 0 0
"Sema7a" 0 0.00115252403741663 0 0 0 0 0 0 0 0 0 0 0 0 0 0 0 0 0 0 0 0 0 0 0 0 0 0 0 0 0 0 0 0 0 0 0 0 0 0 0 0 0 0 0 0 0 0 0 0 0 0 0 0 0 0 0 0 0 0 0 0 0 0
"Trf" 0.00110697483741916 0.00189333676174759 0.00141466846141701 0.00127598694127062 0.00144940946874807 0.0012441649387228 0.001278907113207 0.00153028712903923 0.00104451534945397 0.00150936697037243 0.00149914190781072 0.000983136787375107 0.00140700443376467 0.000952184386883791 0.00155239816224433 0.00129845344593016 0.00128055089710798 0.00140718378024421 0.00148182989530103 0.00112192443057571 0.0011145452978771 0.00113651950972246 0.00123662720435778 0.00134917630442088 0.00118732573087166 0.0011496611342795 0.00108871252893379 0 0.000986629395280174 0.000987904872440657 0.0011896415328981 0.0012265141725706 0.00124912553627246 0.00119734107639188 0 0 0 0.00108839568585696 0.000980009746113315 0.0010511687556457 0.00105937835544601 0.00110775910678111 0 0 0 0 0 0 0.00101393142521181 0.00379232108141822 0 0 0.00121473854490868 0.00115099727155137 0 0 0 0 0.00113206805440037 0 0 0 0 0.00105355869695867
"Fgf2" 0.00112772721434618 0.00301269652847111 0.00157609138082823 0.00146940655695965 0.00171402362206595 0.00129258483736188 0.00132397506182081 0.00175304959895765 0.00110235189829532 0.00169109559965225 0.00150924849878246 0.00101415718909593 0.00164398867955811 0.000989281511075052 0.00561307382358825 0.00155513619687575 0.00145246228974306 0.0014694956705675 0.00268257746042941 0.00119962055658419 0.00130585989494037 0.00113297713197124 0.00146154995099624 0.00288342824117119 0.00148323621566164 0.00127412011136464 0.00113681144613668 0 0.00102156153288849 0.000941326945928673 0.00131268707801347 0.00134645097729705 0.0014643995320808 0.00132063105351558 0.00230788709736049 0.00236128514454744 0 0.00120121931830251 0.00125429501678053 0.00131078819307063 0.00104074384429448 0.00123140884550477 0 0 0 0.000968667823336678 0.00102567678503212 0 0.00107908739915419 0.00495312976158389 0.00439570412645583 0 0.00123526067489422 0.0012808240111231 0.00241942277429492 0 0.00254171414286582 0 0.00238775461227508 0.00211232064551137 0 0.000955626659171701 0 0.00105707560603152
"Reln" 0 0.00162542581271636 0.00101315581337596 0 0.00114557382920775 0.000941257978790709 0.00093269605083082 0.00112598867068756 0 0.00113357712659527 0.00102859717109997 0 0.0010803006336428 0 0.00109160974110238 0.00109879194078461 0.00103759617350254 0.00101953058282166 0.00125473874020808 0 0.000953091619258206 0 0.000976981765738837 0.00106407894575868 0 0 0 0 0 0 0 0 0 0 0 0 0 0 0 0 0 0 0 0 0 0 0 0 0 0 0 0 0 0 0 0 0 0 0 0 0 0 0 0
"Copa" 0 0.00119846050664446 0 0 0 0 0 0.000949178423003988 0 0 0 0 0 0 0 0 0 0 0 0 0 0 0 0 0 0 0 0 0 0 0 0 0 0 0 0 0 0 0 0 0 0 0 0 0 0 0 0 0 0 0 0 0 0 0 0 0 0 0 0 0 0 0 0
"Anxa1" 0 0.00108754437855886 0 0 0 0 0 0 0 0 0 0 0 0 0 0 0 0 0 0 0 0 0 0 0 0 0 0 0 0 0 0 0 0 0 0 0 0 0 0 0 0 0 0 0 0 0 0 0 0 0 0 0 0 0 0 0 0 0 0 0 0 0 0
"Pros1" 0.00122701366968612 0.00296467644517818 0.00166519308200162 0.00137241251209022 0.00178736475212614 0.00131922532580451 0.00132761305473719 0.00173011415414281 0.00106271103996772 0.001703242632478 0.0016095344232634 0.00105716032613874 0.00167228618986096 0.0010283720574803 0.00163270343520858 0.00166488873026935 0.00154819401092723 0.00169455534887847 0.00180991592613028 0.00136146790600435 0.00128289551794834 0.00116637742836649 0.00166494980013655 0.0016321374596306 0.00151509269512285 0.00166897067991997 0.00134981319577652 0.00106903672382397 0.0011934025871411 0.00113145386035075 0.00146486921033178 0.00149164521883155 0.00140606894323363 0.0013398236554109 0 0 0 0.00133131837335994 0.00126230340407617 0.0013725679282421 0.00105782849151738 0.00137789976442722 0 0 0 0.00113316249821651 0.00113153964172335 0.0010203600073794 0.00100481273282395 0.00113613707199696 0 0 0.00121703993002482 0.00134496383462436 0.000932856881978186 0 0 0.000989791238445062 0.00130113046119239 0.000936241429950939 0 0.0010798074215375 0 0.00104605228780314
"Apoe" 0.00408947682338347 0.00160734617280627 0.00105998747758004 0.00105360130046482 0.0013732684912629 0.00102066788598479 0.000980358034763041 0.00128461570807211 0 0.00122962815617496 0.00120554967215321 0 0.00116435146761913 0 0.00141232557870475 0.00110353037453474 0.00107323206698143 0.00113253390509091 0.00119964428691536 0 0 0 0.00102974058705839 0.00460862995865406 0.000992303902626737 0.000952295404184218 0 0 0 0 0.00099300898836846 0.000956358977007678 0.00103850281956699 0 0.00428153783687207 0 0 0 0 0 0 0 0 0 0 0 0 0 0 0.000934422988653502 0 0 0.00099044990897134 0.000939786042415506 0.00439515923364999 0.00414243808691199 0.00505118516854308 0.00396342881260557 0 0 0 0 0 0
"Adam15" 0.00108729935152866 0.00167095316090417 0.00122838449995943 0.000975085571449971 0.00135729153859825 0 0.00111062935953491 0.00119163198728137 0 0.00119876791404485 0.00115743124045293 0 0.00130070484040746 0.000966674255344726 0.00111429419902043 0.00126587404464313 0.000999036914298621 0.00110761468427532 0.0012116133030848 0 0.00107381916407676 0 0.0010520040216566 0.00106533127248667 0.00108724279763782 0 0 0 0 0 0 0.000967122212541831 0.000979960897219735 0.00099327789258673 0 0 0 0 0 0.000965618042794772 0 0 0 0 0 0 0 0 0 0 0 0 0.000939817220694682 0 0 0 0 0 0 0 0 0 0 0
"Lgals3" 0 0.00152125277648955 0.00101371019557758 0.000971926038974133 0.0012137764609276 0.00106300445138318 0 0.00116760726142911 0 0.00118340757477034 0.00108128030933513 0 0.00110129178594362 0 0.00117724145813248 0.00113017913840644 0.00100602624988035 0.00104067261185247 0.00107684042868941 0 0 0 0.00100437519649517 0.000975710229476413 0.00207635953436987 0 0 0 0 0 0 0 0.000954830392065143 0 0 0 0 0 0 0 0 0 0 0 0 0 0 0 0 0 0 0 0.00095873686814431 0.0041169125117841 0 0 0 0 0 0 0 0 0 0
"C3" 0 0.00139342762829878 0 0 0.0011054895450197 0 0 0.00110182053095711 0 0.00105378824076884 0.00100434958354092 0 0.000964916365935231 0 0.00111300782215802 0.00098390352754974 0 0.000942043220681499 0.00108854353432171 0 0 0 0.000937324725771469 0.000932600111695145 0 0 0 0 0 0 0 0 0 0 0 0 0 0 0 0 0 0 0 0 0 0 0 0 0 0 0 0 0 0 0 0 0 0 0 0 0 0 0 0
"Hgf" 0.00106476466111997 0.00199003703539692 0.00140439520914955 0.00126424151746373 0.0015963198371996 0.0011761597474745 0.00120418944173977 0.00152173838182139 0.0010717228319416 0.00156171840435493 0.00143022070282434 0.000967624168640631 0.00151417579845603 0.000978394466227712 0.0015821303266869 0.00255696455612878 0.00135900416273018 0.00134835715116902 0.00159802953429607 0.0011699730295808 0.00237662629194184 0.0011012674913601 0.00254599209435178 0.00276596438538609 0.00250252372810684 0.00115635981963199 0.00107170260669904 0 0.00100432426085259 0 0.00119542944745049 0.00112380750822326 0.00130070209824309 0.00116275496431329 0 0.00227918033860962 0 0.00107197907052121 0.00235802665943484 0.00121488625472463 0.000954951776027629 0.00115056805644858 0 0 0 0.000970883803671219 0 0 0.000957726421270054 0.00117093206118782 0.002114527158599 0.00466413216211115 0.0012275773965861 0.00112516707921352 0 0 0 0 0.00104419906993295 0 0 0 0 0.000975109451865516
"Bdnf" 0.00103039536536309 0.00285191567093599 0.00142364959265521 0.00140705512490899 0.00166264212186416 0.0013005799507451 0.00118493145179269 0.00166672939054489 0.000976345963107027 0.00164804253843356 0.00150871673043438 0 0.00159385523669768 0 0.00279349973283571 0.00144007863171766 0.00139900486658574 0.001433808953727 0.00158194035862882 0.00115006073502333 0.00124231197925723 0.0010992625829827 0.00134580829674567 0.00153496142671056 0.00141329022257912 0.00121592672435616 0.00114495778523021 0 0.000975652011112428 0 0.00128923132089209 0.00123473730448715 0.00151052837664753 0.00118318051693701 0.00595060151094854 0 0 0.00121968313745791 0.00116528373886026 0.00116645188614463 0.00104260428324312 0.00114669727855052 0 0 0 0.000935933347747318 0 0 0.00108106110568923 0.00222604616587564 0.00598031173618679 0 0.00115469653591547 0.00125011083073089 0 0 0 0 0.00117531036815031 0 0 0 0 0.00108305474756924
"Vcam1" 0 0.00123732350505556 0 0 0 0 0 0.000961610728116267 0 0 0 0 0 0 0 0 0 0 0 0 0 0 0 0 0 0 0 0 0 0 0 0 0 0 0 0 0 0 0 0 0 0 0 0 0 0 0 0 0 0 0 0 0 0 0 0 0 0 0 0 0 0 0 0
"Lamb1" 0 0.0016041449090231 0.00119537386418107 0.00106032325006428 0.00135234171579583 0.000996888030073611 0.00100818756366548 0.00133311729502355 0 0.0011782374016629 0.0012751967525103 0 0.00109411069194566 0 0.00117619661952761 0.00108738126196498 0.00110893909376765 0.00107683527885814 0.00114399727592605 0.00101768170513997 0.00100817184762769 0 0.00108981843068353 0.00126651058233633 0.00105229548019358 0.000942493761402226 0 0 0 0 0.00102568267362912 0.000990516144396443 0.000937452959544619 0.00100778688716927 0 0 0 0 0 0 0 0.000981979872837374 0 0 0 0 0 0 0.000939222398681405 0 0 0 0.000953121037499374 0 0 0 0 0 0 0 0 0 0 0.000938787457833429
"Gpi1" 0 0.0017677010676815 0 0 0 0 0 0 0 0 0 0 0 0 0 0 0 0 0 0 0 0 0 0 0 0 0 0 0 0 0 0 0 0 0 0 0 0 0 0 0 0 0 0 0 0 0 0 0 0 0 0 0 0 0 0 0 0 0 0 0 0 0 0
"Efnb1" 0 0.00136241977901401 0 0 0.000973934989669129 0 0 0.000995863644069516 0 0.00098216374848115 0 0 0 0 0.000983740965053856 0.000967248792703499 0 0 0.00102106312097207 0 0 0 0 0 0 0 0 0 0 0 0 0 0 0 0 0 0 0 0 0 0 0 0 0 0 0 0 0 0 0 0 0 0 0 0 0 0 0 0 0 0 0 0 0
"Dll4" 0.00164203631762884 0.00263454049215627 0.00155279467161122 0.00159516969907714 0.00211709920737251 0.00174999296331799 0.00164172896359844 0.00195067239704965 0.00125021253953696 0.00202504729814474 0.00219664570172501 0.00124732263249002 0.0020568422273561 0.00141480378805595 0.00192998991652903 0.00161369190326361 0.00218455968345461 0.00185625641413516 0.00187411569373826 0.00200059455428996 0.00159648146047636 0.00125897370426649 0.00164583300901443 0.00172034950391455 0.00185753483398235 0.00132529872120021 0.00130737172876029 0 0.00169020450764127 0.00164758202887427 0.00163408769568194 0.00165200837089409 0.00163158379889414 0.00130931478724863 0 0 0 0.00117020313408906 0.00158330804946428 0.00114911013107297 0.00129195362119148 0.00158356148281033 0 0 0 0.00107074247322638 0.00239550721260229 0.00181279464419215 0.0014091315517251 0.00121433108199863 0 0.00105158767963183 0.00139071133775004 0.00143078965072025 0.00116884399873296 0.00116074568130242 0 0.00125753492975216 0.00137800726843753 0.00101678522386422 0 0.00118406709132789 0.000973663024543574 0.00112845541413895
"Mmp9" 0.00102585980067346 0.00177374486570155 0.00143850333762942 0.00127716210451268 0.00141412881462259 0.00120095347038088 0.00109612075075737 0.00133525797695098 0.000936981535455474 0.00148103936851367 0.0013998725681115 0 0.00132068161649907 0 0.00143870335246138 0.00125381424028079 0.00119742703413151 0.00136532258067635 0.00400475789821093 0.00111721815343808 0.00108908693542171 0.000999016570090752 0.0042324033320783 0.00137994014285267 0.00119176949545885 0.00124177633970411 0 0 0 0 0.00118372286416479 0.00114880748160296 0.00120711844938187 0.00116527818703566 0 0 0 0.00108414796235283 0.00100328568024478 0.00108618342263136 0 0.0010230241727797 0 0 0 0 0.000945207034638983 0 0 0.000964672704351194 0 0 0.000995986793195069 0.00107824706931961 0 0 0 0 0.00103880819385333 0 0 0 0 0
"Adam17" 0.00116927363024105 0.00206911530949821 0.00134863235874304 0.00139645853347252 0.00176024111956494 0.00128666271153234 0.0012549805402332 0.00172829346361237 0.000963793914237198 0.0015406909372773 0.00156960969913611 0.000947729229501176 0.00154184974192217 0.000988773461684712 0.00158197397882198 0.00143404551837469 0.00141663374064695 0.00152012849124405 0.00176616475343128 0.00127886802699156 0.00129716753907201 0.0011028960080495 0.00139312205183961 0.00143508973467786 0.00143038606989501 0.00123350944635184 0.00108845937019847 0 0.00100191466114188 0.00102811311495922 0.00126615679310811 0.0014235664566575 0.00139699201939423 0.00138575848216572 0.00232859358236786 0 0 0.00126254795105989 0.00255338428853935 0.00120525526430194 0.00103287932416042 0.00109938512602467 0 0.0025782194792716 0.00246667142085579 0.00473414026985662 0.00114640213522065 0 0.00109809810017397 0.00119943326858578 0 0 0.00114981150815589 0.00124626000143875 0.000955982771700819 0 0 0 0.00114168079867922 0 0 0 0 0.00102240686251414
"Hebp1" 0 0.00109830591430202 0 0 0 0 0 0 0 0 0 0 0 0 0 0 0 0 0 0 0 0 0 0 0 0 0 0 0 0 0 0 0 0 0 0 0 0 0 0 0 0 0 0 0 0 0 0 0 0 0 0 0 0 0 0 0 0 0 0 0 0 0 0
"Igf1" 0.00115592350487948 0.0051766757167995 0.00141277506926081 0.00141197713327361 0.0028395028151749 0.00125566994572014 0.00131762217363399 0.00169908400695433 0.00107459727549911 0.00155503869696097 0.00157629324577094 0.00106934741255243 0.00160562045528667 0.000997403443057027 0.00461330400646004 0.0042611835205414 0.00141273719662633 0.00153799856436559 0.00261760884223138 0.00109320364782166 0.00131773765326457 0.00441346747794287 0.00133883235694241 0.00142361585626947 0.00133940300151342 0.00113521099695173 0.000951630010766582 0.00437840025654728 0.00453766373459402 0.000977246690444145 0.00126869210572544 0.00121743009556164 0.00132429090100908 0.00132755067004603 0.00455440101780694 0.00221700531105268 0 0.00115024799280441 0.00109617296933589 0.0012067936307864 0.00111864924579912 0.00124112894160645 0.00618964943592142 0 0 0.000933627311777825 0.000996797907356616 0 0.000994984646446031 0.00503213568610677 0.00224134022859501 0 0.0012821579606429 0.00121099207649208 0.000963783060790711 0 0.00537238923404355 0.00420875752993359 0.00117120110751367 0.00406692559201366 0 0.000941021546129593 0 0.000986582916454838
"Rps19" 0 0.00135389490823109 0.000985744741914743 0 0.00100632289346879 0 0 0.00105870505522464 0 0.00109043188819073 0.00100705190625787 0 0.000938126788846703 0 0.00100410144491025 0.000967502583668202 0.00098840584894302 0.00100367974280875 0.000993382968941232 0 0 0 0 0 0 0.000946148469937851 0 0 0 0 0 0.000954105839617446 0 0 0 0 0 0 0 0 0 0 0 0 0 0 0 0 0 0 0 0 0 0 0 0 0 0 0 0 0 0 0 0
"Yars" 0 0.00169190123587818 0.00104175730872633 0.0011501250835336 0.00123224826936406 0.000957120669424094 0 0.00144648496867395 0 0.00118747027906698 0.00112969151731806 0 0.00107735707467483 0 0.00130132172395418 0.00114468171548667 0.00112218224299495 0.00103185817592897 0.00112025741578378 0 0.00106679201590619 0 0.000969304728681359 0.00110741517821459 0.00103032214014789 0.00111906751573294 0 0 0 0 0.0011168099708566 0.00101200316502565 0.00119188367094706 0.00097821125443454 0 0 0 0.00104434672057803 0.00104174017392796 0.00102566104196392 0.00124746467164829 0.000932434759514012 0 0 0 0 0 0 0 0 0 0 0.000941890404822139 0 0 0 0 0 0.00098000849604127 0 0 0 0 0.000938190472426571
"Fgf1" 0.000934015448991981 0.00172438615322352 0.00121390140459223 0.00112970096933849 0.00142549440057687 0.00112075831308228 0.00104485865072889 0.00146725544984714 0 0.00127898498401072 0.00121737350115624 0 0.00123008136092038 0 0.00240747099328217 0.00124490633779163 0.00116920393796588 0.00126282497199686 0.00143074188544829 0 0.00104936503783929 0 0.00119553385183569 0.00120262870973659 0.001193556247153 0.00103759860634921 0.000970153065005938 0 0 0 0.00111542611823456 0.0010702346143253 0.00118225078281073 0.00109495261025366 0.00218565454332801 0.00213267808733036 0.00224052357432998 0.00103310889300203 0.000998834801891353 0.00100498722009573 0 0.000960511404254664 0 0 0 0 0 0 0 0.000973471576076741 0 0 0.00100498937628302 0.00101269287208169 0 0 0 0 0.00100980569051848 0 0 0 0 0
"Arf1" 0 0.00121303997570744 0 0 0 0 0 0 0 0.000981688948170969 0 0 0 0 0.000979161565898209 0 0 0 0 0 0 0 0 0 0 0 0 0 0 0 0 0 0 0 0 0 0 0 0 0 0 0 0 0 0 0 0 0 0 0 0 0 0 0 0 0 0 0 0 0 0 0 0 0
"Clec11a" 0.00104740961860316 0.00163060147945119 0.00121823109777329 0.00110729616739077 0.00123722695327729 0.0011661939074185 0.00126815608354181 0.00147781930784152 0.00107805476991397 0.00138681300680774 0.00127944071765974 0.00105097871475576 0.0013534483746954 0.00105374748698206 0.00125820312686682 0.00130072089862096 0.0011735654756474 0.00123706477991163 0.00132875348082368 0.00112099892756516 0.000988682610326741 0.0010066851426563 0.00122482502198787 0.0013190600622457 0.00116241027846522 0.000983210733474361 0 0 0.000998285124488492 0.000954687578415496 0.00101361966158522 0.00118147037383315 0.00122429386716024 0.00101672858148737 0 0 0 0.000948014894355846 0.00103492593033498 0.00102347043370143 0.00106504281632917 0.000952361574599845 0 0 0 0 0.00109017333797084 0 0 0.00106967431570786 0 0 0.00108830736977285 0.00103361343050889 0 0 0 0 0 0 0 0 0 0
"Slit2" 0.00120394673303499 0.00185957746375728 0.00165060710989302 0.00143379436508496 0.00150133877805856 0.00136004338160943 0.00126150094432361 0.00148902838058078 0.00114444995465575 0.00157673521249684 0.00158487036305587 0.00115301467428014 0.0016086675386174 0.00114864841216208 0.00165966649690707 0.00147224755414942 0.00137584865860485 0.0016460158491638 0.00167224708113942 0.00154782939898575 0.00114571749114887 0.00118587312081492 0.00131488137063125 0.00177999426930531 0.00137120441763828 0.00169541778259901 0.00154497804919277 0.00139613717459497 0.00156192077315799 0.0015174121784617 0.00152366013824849 0.0012212571908692 0.00111605476293566 0.00133891976560123 0 0 0 0.00124211489926496 0.000991491174885141 0.00113474482122774 0.000962509703045592 0.00114249134456614 0 0 0 0 0 0 0 0.00116420758323623 0 0.000945138128345117 0.00131362610484899 0.00108126312455042 0 0.00115722652266695 0.00119294084152506 0 0.00113928439951917 0 0 0.0013455151837228 0 0.000982803629089484
"Sema3f" 0 0.00118473381219655 0.000939816439359909 0 0.000983784773833812 0 0 0.000958418991573124 0 0.00101466416856056 0.00095767343220386 0 0.00101035794006544 0 0.000978233645032431 0.000973106279145312 0 0 0.000942804545088929 0 0.00101786762392816 0 0.000958569426980255 0 0 0 0 0 0 0 0 0 0 0 0 0 0 0 0 0 0 0 0 0 0 0 0 0 0 0 0 0 0 0 0 0 0 0 0 0 0 0 0 0
"Manf" 0.00109881825052394 0.0013660416667882 0.00124669305600276 0.00122949474942976 0.00113424568314177 0.00116964760390352 0.00110624564770368 0.00108260972569971 0.00110041747062286 0.00138374486081799 0.00116762823581485 0.00114228969622703 0.00130911539922875 0.00107664980865046 0.00121877003942938 0.0011140049605244 0.0011251219272539 0.00100631839929851 0.00102970521359546 0.000948703782470027 0 0.000965865081318213 0.000970841328744963 0.00105778158415921 0 0 0 0 0 0.000961371469444111 0.000945687384197623 0.00102555795182964 0.000945007497420113 0 0 0 0 0 0 0 0 0.000950158094957031 0 0 0 0 0 0 0 0.000945505401841766 0 0 0.000988155110131294 0.000935940251410519 0 0 0 0 0 0 0 0 0 0
