"Abca1" "Atf3" "C1qb" "C1qc" "C3ar1" "Cd86" "Cdkn1a" "Gadd45b" "Ier3" "Igf1" "Ly86" "Nek6" "Spp1" "Timp2" "Basp1" "Cd14" "Fkbp1a" "Fn1" "Itgax" "Itgb5" "Lpcat2" "Socs3" "Acp5" "Adam9" "Cd68" "Csf2ra" "Id2" "Msr1" "Tubb5" "B4galt1" "Ccr5" "Fam129b" "Gsn" "Lyz2" "Slc3a2" "Tbxas1" "Apoe" "Pmepa1" "Mmp14" "Ctsb" "Dnmt3a" "Gnas" "Rnf128" "Arg1" "Cd200r1" "Trem2" "Nrp2" "B2m" "Lat2" "Fth1" "Pip5k1c" "Il21r" "Lasp1" "Snx5" "Tgfbi"
"Cxcl2" 0 0 0 0 0 0 0.00132452488563961 0 0 0 0 0 0 0 0 0 0 0 0 0 0 0 0 0 0 0 0 0 0 0 0 0 0 0 0 0 0 0 0 0 0 0 0 0 0 0 0 0 0 0 0 0 0 0 0
"Tgfb2" 0 0.00191799150170913 0 0 0 0.00117591087032321 0.00242732066735023 0.00200059839568798 0.00185892402942727 0.00143979714863163 0.00142597875207587 0.00179611079256067 0.00424300511753034 0 0 0.00121878653952357 0 0.0048917055913293 0.00116267545229057 0 0 0.00158329931217404 0 0 0.00121822082984352 0 0.00171179805019713 0 0.00159702134242239 0.00130377694480264 0 0.00152045450412193 0.00166927348933181 0.00562631549406497 0.00148816614891592 0.00151144606717349 0.00111988114487582 0.00134580080960641 0 0.00132999121532327 0 0.00116652860960587 0 0 0 0 0.00129287721465366 0.00143517574865977 0 0.00144094797029008 0 0.00130760657938477 0.00130456805702909 0.00129141281291727 0.00126521484051621
"Il34" 0 0 0 0 0 0 0.00143984951511494 0.0011260871120193 0.00115920665723513 0 0 0 0 0 0 0 0 0.00116538306599723 0 0 0 0 0.00272185253372532 0 0 0 0 0 0 0 0 0 0 0 0 0 0 0 0 0 0 0 0 0 0 0 0 0 0 0 0 0 0 0 0
"Tnc" 0 0.00123029000325847 0 0 0 0 0.00164164008714949 0.00120293430632741 0.00119812636326757 0 0 0 0 0 0 0 0 0.00118045399455545 0 0 0 0 0 0 0 0 0.00121055143329788 0 0 0 0 0 0.0011420607771407 0 0 0 0 0 0 0 0 0 0 0 0 0 0 0 0 0 0 0 0 0 0
"Sema3c" 0 0 0 0 0 0 0.00152429062339887 0.00115386316733806 0.00118304495782838 0 0 0.00112324474661806 0 0 0 0 0 0 0 0 0 0.00112959513747534 0 0 0 0 0.00121016986316894 0 0 0 0 0 0.00112724034507413 0 0 0 0 0 0 0 0 0 0 0 0 0 0 0 0 0 0 0 0 0 0
"Sell" 0 0.00123878517755522 0 0 0 0 0.00161010851206998 0.00117697668944554 0.00115262108038711 0 0 0 0 0 0 0 0 0 0 0 0 0 0 0 0 0 0 0 0 0 0 0 0 0 0 0 0 0 0 0 0 0 0 0 0 0 0 0 0 0 0 0 0 0 0
"Vtn" 0 0.00128280839050747 0 0 0 0 0.0017769906296124 0.00137587621021646 0.00133963474455936 0 0 0.00130825600203067 0 0.00215972048840517 0 0 0 0 0 0 0 0.00114210107040591 0 0 0 0 0.00118081148411833 0 0.00118535265845761 0 0 0.00123366922500115 0.00114770941969711 0 0 0 0 0 0 0 0 0 0 0 0 0 0 0 0 0 0 0 0 0 0
"Cfh" 0 0.00137994380990873 0 0 0 0 0.00194343775657172 0.00162778077951793 0.00135727008778065 0 0 0.00129069573991873 0 0 0 0.00112292735403489 0 0.00120102711329416 0 0 0 0 0 0 0 0 0.00130833932877228 0 0.00116969582807171 0.00128796800098475 0 0.00159682225928058 0.00130913182943407 0 0.00123476847959258 0.00112082669716442 0 0.00127697841519663 0 0 0 0.0013335213353098 0 0 0 0 0 0 0 0.00113527987170788 0 0 0.00129247584199305 0.00142099888923972 0
"Ceacam1" 0 0 0 0 0 0 0.00172468411490827 0.0012732095769301 0.00128110579869455 0 0 0.00117507688431814 0 0 0 0 0 0.00113284159829495 0 0 0 0.0013258102304738 0 0 0 0 0.00143237483913489 0 0 0 0 0 0.00114549955834806 0 0 0 0 0 0 0 0 0 0 0 0 0 0 0 0 0 0 0 0 0 0
"Gas6" 0 0 0 0 0 0 0.00146331534233639 0.00135708813793205 0.00124932580041872 0 0 0.00116555880380966 0 0 0 0 0 0 0 0 0 0.00113349857917654 0 0 0 0 0.00116342209244635 0 0 0 0 0 0 0 0 0 0 0 0 0 0 0 0 0 0 0 0 0 0 0 0 0 0 0 0
"Hspg2" 0 0.00113086240690656 0 0 0 0 0.00162758304250463 0.00119934115924585 0.00124322014947712 0 0 0.0011477615966475 0 0 0 0 0 0 0 0 0 0 0 0 0 0 0.00121728943351561 0 0 0 0 0 0 0 0 0 0 0 0 0 0 0 0 0 0 0 0 0 0 0 0 0 0 0 0
"Tnfsf13b" 0 0.00120115675091866 0 0 0 0.00120725401937605 0.00171852712084425 0.0015205920151777 0.00151866047246203 0 0 0.00132835077757469 0 0 0 0 0 0 0 0 0 0.00117949642551493 0 0 0 0 0.00112692054684408 0 0.00116128244547727 0 0 0 0 0 0 0 0 0 0 0 0 0 0 0 0 0 0 0 0 0 0 0 0 0 0
"C3" 0 0 0 0 0 0 0.00139342762829878 0.00112343341157497 0 0 0 0 0 0 0 0 0 0 0 0 0 0 0 0 0 0 0 0 0 0 0 0 0 0 0 0 0 0 0 0 0 0 0 0 0 0 0 0 0 0 0 0 0 0 0
"Ntn1" 0 0 0 0 0 0 0.00130085892686475 0 0 0 0 0 0 0 0 0 0 0 0 0 0 0 0 0 0 0 0 0 0 0 0 0 0 0 0 0 0 0 0 0 0 0 0 0.00497405194522533 0 0 0 0 0 0 0 0 0 0 0
"Yars" 0 0.00130320747704107 0 0 0 0 0.00169190123587818 0.00129126032055829 0.00144648496867395 0 0 0.0011882952098628 0 0 0 0 0 0.00117306738261956 0 0 0 0 0 0 0 0 0.0012187363187871 0 0.00112218224299495 0 0 0 0 0 0 0 0 0 0 0 0 0 0 0 0 0 0 0 0 0 0 0 0 0 0
"Kitl" 0 0.00151014646054516 0 0 0 0.0011335233048215 0.0021533584138042 0.00168442075131827 0.00171980509252378 0.00114272171766107 0 0.00148304503326505 0 0 0 0 0 0.00143119944300955 0 0 0 0.00161859582044891 0 0 0 0 0.00257637822713251 0 0.00144087087533524 0.00123077838555749 0 0.00127142802671285 0.00151141526916618 0 0.00128839169911633 0.00114022757243415 0 0.00112792553241902 0 0 0 0 0 0 0 0 0 0 0.00448149389818876 0.00120816106900437 0 0.00119023384174349 0.00127472360189204 0 0
"Adam12" 0 0 0 0 0 0 0.00146900484079388 0.00115562628107171 0 0 0 0 0 0 0 0 0 0 0 0 0 0 0 0 0 0 0.00119840018974374 0 0 0 0 0 0 0 0 0 0 0 0 0 0 0 0 0 0 0 0 0 0 0 0 0 0 0 0
"Selp" 0 0.00136275950565844 0 0 0 0 0.00154181477979211 0.00122675573051379 0.00120846874556745 0 0.00136771668158098 0 0 0 0 0 0 0 0 0 0 0 0 0 0 0 0.00119519048517406 0 0 0 0 0 0 0 0 0 0 0 0 0 0 0 0 0 0 0 0 0.00113092900956711 0 0 0 0 0 0 0
"Pkd1" 0 0.00122384615990207 0 0 0 0 0.00377401514156348 0.00147515392047131 0.00140221731548483 0 0 0.00126964773882859 0 0 0 0 0 0.00121201939533346 0 0 0 0.00129874555356641 0 0 0 0 0.00122959604414436 0 0 0 0 0 0.00130035719859155 0 0 0 0 0 0.00218694057591152 0 0 0 0 0 0 0 0 0 0 0 0 0 0 0 0
"Vegfc" 0 0.00126923421375347 0 0 0 0.00112755429992528 0.00175765021772766 0.00161415845904594 0.00156565053306996 0 0 0.00142397638507753 0 0 0 0 0 0.00121493178321917 0 0 0 0.00135497115349177 0 0 0 0 0.00132969738435618 0 0.0011689189394581 0 0 0.00120271605847513 0.00123394273481675 0 0 0 0 0 0 0 0 0 0 0 0 0 0.00229929431217204 0 0 0 0 0 0 0 0
"Gpi1" 0 0 0 0 0 0 0.0017677010676815 0 0 0 0 0 0 0 0 0 0 0 0 0 0 0 0 0 0 0 0 0 0 0 0 0 0 0 0 0 0 0 0 0 0 0 0 0 0 0 0 0 0 0 0 0 0 0 0
"Lama2" 0 0 0 0 0.00498958833575301 0 0.00348529324590653 0 0 0 0 0 0.00396458162870324 0 0 0 0 0 0.00481863159967224 0 0 0 0 0 0 0 0 0 0 0 0 0 0 0 0.00398159260466623 0 0 0 0 0 0 0 0 0.0051191515837194 0.00566293640835461 0.00665882289727644 0 0 0 0 0.00481644659353208 0 0 0 0
"Cdh1" 0 0.00123345931395832 0 0 0 0 0.00173913883220524 0.00128304892443165 0.00139097268254566 0 0 0.0011340754933156 0 0 0 0 0 0.00122745417984163 0 0 0 0 0 0 0 0 0.00133094417319863 0 0.00115160485648725 0 0 0 0.00119124915105893 0 0 0 0 0 0 0 0 0 0 0.00515533296214714 0 0 0 0 0 0 0 0 0 0 0
"Serping1" 0 0 0 0 0 0 0.00146632850772889 0 0 0 0 0 0 0 0 0 0 0 0 0 0 0 0 0 0 0 0 0 0 0 0 0 0 0 0 0 0 0 0 0 0 0 0 0 0 0 0 0 0 0 0 0 0 0 0
"Itgam" 0 0.00118656908784909 0 0 0 0 0.00166340261824615 0.00142862833365383 0.00128710215959032 0 0 0.0012089409520911 0 0 0 0 0 0.001128916647372 0 0 0 0.00112798956222543 0 0 0 0 0.00117512753191235 0 0 0 0 0.00112493920512581 0.00113531638783824 0 0 0 0 0 0 0 0 0 0 0 0 0 0 0 0 0 0 0 0 0 0
"Calm1" 0 0.0011817179053151 0 0 0 0 0.00160268744489109 0.00128660101705327 0.0013051154779708 0 0 0 0 0 0 0 0 0 0 0 0 0 0 0 0 0 0.00127637003633434 0 0 0 0 0 0 0 0 0 0 0 0 0 0 0 0.00496318180627517 0 0 0 0 0 0 0 0 0 0 0 0
"Col4a1" 0 0.00115977719438198 0 0 0 0 0.00152308824586791 0.00112317364611301 0.00118216257804888 0 0 0 0 0 0 0 0 0 0 0 0 0 0 0 0 0 0.00114006658545824 0 0 0 0 0 0.00115634119955729 0 0 0 0 0 0 0 0 0 0 0 0 0 0 0 0 0 0 0 0 0 0
"Pcdh1" 0 0.00139759089636935 0 0 0 0 0.00171059303509075 0.00132310141670127 0.00127197955683965 0 0 0.0011980170792334 0 0 0 0 0 0 0 0 0 0 0 0 0 0 0.00117745343332141 0 0.00113651063837519 0 0 0 0.00115165723204031 0 0 0 0 0 0 0 0 0 0 0 0 0 0 0 0 0 0 0 0 0 0
"Angpt2" 0.00115645052141167 0.00126158799249013 0 0 0 0 0.00480643361495988 0.00165476050860902 0.00187209972299205 0.00275816006889406 0 0.00153150769027882 0 0 0 0 0 0.00132296024591051 0 0 0 0.00178349189911576 0 0 0 0 0.00155366222604731 0 0.00148615819329907 0.00117983952154002 0 0.00135536435650387 0.00155468924800222 0 0.00130462759412336 0 0 0.00112709493658926 0 0.00259491672564111 0.00144066980591108 0.00120518055072475 0 0 0 0 0 0 0 0.00133139496128946 0 0 0.00122327607115805 0 0.00119117910902203
"Col5a3" 0 0.00122548765971312 0 0 0 0 0.00177073134373318 0.0013370516161875 0.00119706312074658 0 0 0.00113795040469671 0 0 0 0 0 0.00115700867749609 0 0 0 0 0 0 0 0 0.00134769607918783 0 0 0 0 0 0.00119786374854643 0 0 0 0 0.0011587087191155 0 0 0 0 0 0 0 0 0 0 0 0 0 0 0 0 0
"Lgals3" 0 0 0 0 0 0 0.00152125277648955 0.00235597249778768 0.00116760726142911 0 0 0 0 0 0 0 0 0 0 0 0 0.00207635953436987 0 0 0 0 0.00115800936063059 0 0 0 0 0 0 0 0.00402165860077069 0 0 0 0 0 0 0 0 0 0 0 0 0 0 0 0 0 0 0 0
"Cxcl12" 0 0.00115474373516316 0 0 0 0 0.00367438744373611 0.00129663054851378 0.00137982727773468 0 0 0 0 0 0 0 0 0 0 0 0 0.00132478426710201 0 0 0 0 0 0 0 0 0 0 0.00436968484743069 0 0 0 0 0 0.00206926318512956 0 0 0 0 0 0 0 0 0 0 0 0 0 0 0 0
"Tgfb3" 0 0.00150208674165617 0 0 0 0 0.00225560517487711 0.00176034775050419 0.00164521209644254 0 0.00119651681476674 0.00152638043216141 0.00219667614821806 0 0 0 0 0.00446920500700439 0 0 0 0.00123735984768195 0 0 0 0 0.00175023400618673 0 0.00136146995552084 0 0 0.0012831778123221 0.00167113764313001 0 0.00131962936212562 0 0 0.00144443019006582 0 0 0 0.00117878296305067 0 0 0 0 0 0 0 0 0 0.00118478236460234 0 0.0011248965266994 0.00129768395342453
"Fgf1" 0 0.00123010993724198 0 0 0 0 0.00172438615322352 0.00137612788392824 0.00146725544984714 0 0 0.00117304364984508 0.00405193709315663 0 0 0 0 0.0011457713304802 0 0 0 0.001193556247153 0 0 0 0 0.00127530882134781 0 0.00116920393796588 0 0 0.00112075831308228 0.00120151186737656 0 0 0 0.00209526142255898 0 0 0 0 0 0 0 0 0 0 0 0 0 0 0 0 0 0
"Ccl3" 0 0.00155172363779315 0 0 0 0.00129864865293094 0.00192291733928511 0.00188815055794154 0.00162412699289002 0 0.00112159362110044 0.00178190351622777 0 0 0 0.00125878514017059 0 0.00134693450082057 0 0 0 0.00148227117978289 0 0 0 0 0.00120856498533054 0 0.00119919648041079 0.00142150208936213 0.00247230219087986 0.00151717621736575 0.00147309010958625 0.00140900465242734 0.0014373418705613 0.00264942682749288 0 0 0 0 0 0 0 0 0 0 0 0 0 0.00123433313186808 0 0.00119542246332688 0.00118623360565103 0 0
"Csf1" 0 0.00141663551805533 0 0 0 0 0.00185297013945852 0.00165123073323341 0.00144038892532413 0.00230757315500023 0 0.00132894521494624 0 0 0 0.0043400854220546 0 0.00129742882723872 0 0 0 0.00135318498507661 0.00476711552751169 0.00206987233832151 0.00214939784101277 0.00229921525232859 0.0013886434390617 0.00299846426066718 0.0012645580677478 0 0 0.00119800010429064 0.00121991114060479 0 0 0 0 0 0 0 0 0 0 0 0 0 0 0 0 0 0 0 0 0 0
"Tgfb1" 0.00240944311129614 0.00173682634583187 0 0 0 0.00479029368772346 0.00548303347996596 0.00315856619923651 0.00188015714086075 0.00566017293649168 0.00116238746588276 0.00161445740760965 0.00220228850676684 0.00229989090525026 0.0044648967027366 0.00460091968010032 0.00436841205840133 0.00583983968729012 0.00517498374436326 0.00454188789266344 0.00486630691774955 0.00567161006627657 0 0 0 0 0.00175756524965042 0.00319786447902971 0.00163917850063023 0.00135054142200582 0 0.00149136829657546 0.00163255409989271 0 0.00141667766262817 0.00128265712319287 0.0023615275634379 0.00139538051011674 0 0.00112468361843517 0.00256027946222481 0.00129140126221758 0 0.00263187633558216 0 0 0.00120073449129398 0 0 0.001313046198603 0 0.00127794308772683 0.00141422925106265 0.00129856983142335 0.00269973509569178
"Apoe" 0.00548961383709839 0.00114519812139028 0.00565009664284423 0.00517445847791113 0.00490866589710499 0.00444646867754721 0.00160734617280627 0.00132063824668414 0.00128461570807211 0.00398311039481062 0.004483359461739 0 0.00392423267835548 0.00420291883098396 0 0 0 0 0 0 0 0 0 0 0 0 0 0 0 0 0 0 0 0 0 0 0 0 0 0 0 0 0 0 0 0 0 0 0 0 0 0 0 0 0
