"","Cxcr4","Fpr2","Ccr1","C5ar1","Cxcr2","Fpr1","Itgal","Itgam","Itgb2","Trem1","Selplg","Sell","Ptprc","Ptpn6","Ptafr","Cd44","Notch2","Calm1","Rasa3","Tnfrsf1a","Il1r2","Il6ra","Sorl1","Alox5","Il18rap","Plaur","Igf1r","Ptk2b","Cd47","Csf2rb","Clec7a","Fcgr3","Csf2ra","Csf3r"
"App",0.0990377224884714,0.286966500840058,0.223583658554226,0.222952853724995,0.188925604420317,0.226510616804853,0,0,0,0,0,0,0,0,0,0,0,0,0,0,0,0,0.648204425236966,0.352380621326155,0.77968855738098,0,0.384483165441688,0,0,0,0,0,0,0
"C3",0.173296783445663,0.193018975167152,0.223583658554226,0.222952853724995,0.169237386529736,0.226510616804853,0,0.122228008955487,0.291603182610225,0,0,0,0,0,0,0,0,0,0,0,0,0,0,0,0,0,0,0,0,0,0,0,0,0
"Anxa1",0.252284245693378,0.286966500840058,0.223583658554226,0.222952853724995,0.169237386529736,0.0643411656658913,0,0,0,0,0,0,0,0,0,0.167095569145585,0,0,0,0,0,0,0,0,0,0,0,0,0,0,0,0,0,0
"Npw",0.173296783445663,0.193018975167152,0.223583658554226,0.222952853724995,0.169237386529736,0.226510616804853,0,0,0,0,0,0,0,0,0,0,0,0,0,0,0,0,0,0,0,0,0,0,0,0,0,0,0,0
"Hebp1",0.173296783445663,0.113250210498772,0.223583658554226,0.222952853724995,0.169237386529736,0.226510616804853,0,0,0,0,0,0,0,0,0,0,0,0,0,0,0,0,0,0,0,0,0,0,0,0,0,0,0,0
"Hc",0.173296783445663,0.193018975167152,0.223583658554226,0.0633305701055149,0.169237386529736,0.226510616804853,0,0,0,0,0,0,0,0,0,0,0,0,0,0,0,0,0,0,0,0,0,0,0,0,0,0,0,0
"Cxcl2",0.173296783445663,0.193018975167152,0.223583658554226,0.222952853724995,0.46443662509409,0.226510616804853,0,0,0,0,0,0,0,0,0,0,0,0,0,0,0,0,0,0,0,0,0,0,0,0,0,0,0,0
"Cxcl16",0.173296783445663,0.193018975167152,0.223583658554226,0.222952853724995,0.169237386529736,0.226510616804853,0,0,0,0,0,0,0,0,0,0,0,0,0,0,0,0,0,0,0,0,0,0,0,0,0,0,0,0
"Cxcl12",0.591427831828284,0.193018975167152,0.223583658554226,0.222952853724995,0.096717809693574,0.226510616804853,0,0,0,0,0,0,0,0,0,0,0,0,0,0,0,0,0,0,0,0,0,0,0,0,0,0,0,0
"Apln",0.278869593167636,0.193018975167152,0.223583658554226,0.222952853724995,0.169237386529736,0.226510616804853,0,0,0,0,0,0,0,0,0,0,0,0,0,0,0,0,0,0,0,0,0,0,0,0,0,0,0,0
"Ccl5",0.0990377224884714,0.193018975167152,0.796654332008919,0.395555201516547,0.096717809693574,0.129449001659314,0,0,0,0,0,0,0,0,0,0,0,0,0,0,0,0,0,0,0,0,0,0,0,0,0,0,0,0
"Mmp9",0,0,0,0,0,0,0,0.244296142713781,0,0,0,0,0,0,0,0.53881811096963,0,0,0,0,0,0,0,0,0,0,0,0,0,0,0,0,0,0
"Rtn4",0,0,0,0,0,0,0,0,0,0,0,0,0,0,0,0.167095569145585,0,0,0,0,0,0,0,0,0,0,0,0,0,0,0,0,0,0
"Hmgb2",0,0,0,0,0,0,0,0,0,0,0,0,0,0,0,0.0971579781414469,0,0,0,0,0,0,0,0,0,0,0,0,0,0,0,0,0,0
"Hgf",0,0,0,0,0,0,0,0,0,0,0,0,0,0,0,0.377684866520068,0,0,0,0,0,0,0,0,0,0,0,0,0,0,0,0,0,0
"Hbegf",0,0,0,0,0,0,0,0,0,0,0,0,0,0,0,0.411925420293242,0,0,0,0,0,0,0,0,0,0,0,0,0,0,0,0,0,0
"Fn1",0,0,0,0,0,0,0,0,0,0,0,0,0,0,0,0.294752691402503,0,0,0,0,0,0,0,0,0,0,0,0,0,0,0,0,0,0
"Fgf2",0,0,0,0,0,0,0,0,0,0,0,0,0,0,0,0.442285642864922,0,0,0,0,0,0,0,0,0,0,0,0,0,0,0,0,0,0
"Col1a1",0,0,0,0,0,0,0,0,0,0,0,0,0,0,0,0.40282899069551,0,0,0,0,0,0,0,0,0,0,0,0,0,0,0,0,0,0
"Arf1",0,0,0,0,0,0,0,0,0,0,0,0,0,0,0,0.167095569145585,0,0,0,0,0,0,0,0,0,0,0,0,0,0,0,0,0,0
"Calr",0,0,0,0,0,0,0,0,0,0,0,0,0,0,0,0.167095569145585,0,0,0,0,0,0,0,0,0,0,0,0,0,0,0,0,0,0
"Pecam1",0.208980926209891,0,0,0,0,0,0,0,0,0,0,0,0,0,0,0,0,0,0,0,0,0,0,0,0,0,0,0,0,0,0,0,0,0
"Cxcl14",0.217748792731457,0,0,0,0,0,0,0,0,0,0,0,0,0,0,0,0,0,0,0,0,0,0,0,0,0,0,0,0,0,0,0,0,0
"Pcdh7",0.167642080502292,0,0,0,0,0,0,0,0,0,0,0,0,0,0,0,0,0,0,0,0,0,0,0,0,0,0,0,0,0,0,0,0,0
"Ptprc",0.0157576913285497,0,0,0,0,0,0.114931384637088,0,0,0,0,0,0,0,0,0.216539831996339,0,0,0,0,0,0,0,0,0,0,0,0,0,0,0,0,0,0
"Dsg2",0.167642080502292,0,0,0,0,0,0,0,0,0,0,0,0,0,0,0.157349921561893,0,0,0,0,0,0,0,0,0,0,0,0,0,0,0,0,0,0
"Itga4",0.0157576913285497,0,0,0,0,0,0,0,0,0,0,0,0,0,0,0.222983266535919,0,0,0,0,0,0,0,0,0,0,0,0,0,0,0,0,0,0
"Psen1",0,0,0,0,0,0,0,0,0,0,0,0,0,0,0,0,0.647717849531683,0,0,0,0,0,0,0,0,0,0,0,0,0,0,0,0,0
"Ntn1",0,0,0,0,0,0,0,0,0,0,0,0,0,0,0,0,0.206196214324502,0,0,0,0,0,0,0,0,0,0,0,0,0,0,0,0,0
"Nid1",0,0,0,0,0,0,0,0,0,0,0,0,0,0,0,0,0.206196214324502,0,0,0,0,0,0,0,0,0,0,0,0,0,0,0,0,0
"Jag2",0,0,0,0,0,0,0,0,0,0,0,0,0,0,0,0,0.456563967419717,0,0,0,0,0,0,0,0,0,0,0,0,0,0,0,0,0
"Dll4",0,0,0,0,0,0,0,0,0,0,0,0,0,0,0,0,0.232242540124209,0,0,0,0,0,0,0,0,0,0,0,0,0,0,0,0,0
"Copa",0,0,0,0,0,0,0,0,0,0,0,0,0,0,0,0,0.206196214324502,0,0,0,0,0,0,0,0,0,0,0,0,0,0,0,0,0
"Dll1",0,0,0,0,0,0,0,0,0,0,0,0,0,0,0,0,0.499903320363215,0,0,0,0,0,0,0,0,0,0,0,0,0,0,0,0,0
"Plau",0,0,0,0,0,0,0,0,0,0,0,0,0,0,0,0.162657461661189,0,0,0,0,0,0,0,0,0,0.653526152763309,0,0,0,0,0,0,0,0
"Vtn",0,0,0,0,0,0,0,0,0,0,0,0,0,0,0,0,0,0,0,0,0,0,0,0,0,0.644419793649125,0,0,0,0,0,0,0,0
"Serpine1",0,0,0,0,0,0,0,0,0,0,0,0,0,0,0,0,0,0,0,0,0,0,0,0,0,0.446749220205157,0,0,0,0,0,0,0,0
"Itgam",0,0,0,0,0,0,0,0,0,0,0,0,0,0,0,0,0,0,0,0,0,0,0,0,0,0.539028758932083,0,0,0,0,0,0,0,0
"Lamb2",0,0,0,0,0,0,0,0,0,0,0,0,0,0,0,0,0,0,0,0,0,0,0,0,0,0.275662655135017,0,0,0,0,0,0,0,0
"F11r",0,0,0,0,0,0,0.037492178078916,0,0.284501553961801,0,0,0,0,0,0,0,0,0,0,0,0,0,0,0,0,0,0,0,0,0,0,0,0,0
"Vcam1",0,0,0,0,0,0,0,0,0.186687838188365,0,0,0,0,0,0,0,0,0,0,0,0,0,0,0,0,0,0,0,0,0,0,0,0,0
"Itgb2",0,0,0,0,0,0,0.48930312584536,0.106296720854717,0,0,0,0,0,0,0,0,0,0,0,0,0,0,0,0,0,0.0199413877581115,0,0,0,0,0,0,0,0
"Jam3",0,0,0,0,0,0,0,0.0346754335212614,0.24722707202027,0,0,0,0,0,0,0,0,0,0,0,0,0,0,0,0,0,0,0,0,0,0,0,0,0
"Icam1",0,0,0,0,0,0,0.0654290373219354,0.106296720854717,0.0611300864894527,0,0,0,0,0,0,0,0,0,0,0,0,0,0,0,0,0,0,0,0,0.135522665839058,0,0,0,0
"Icam2",0,0,0,0,0,0,0.332445880271921,0.0346754335212614,0.0611300864894527,0,0,0,0,0,0,0.131695303348695,0,0,0,0,0,0,0,0,0,0,0,0,0,0,0,0,0,0
"Adam17",0,0,0,0,0,0,0,0,0,0,0,0,0,0,0,0,0,0,0,0.316229024583641,0.473418683389112,0.481629489806837,0,0,0,0,0,0,0,0,0,0,0,0
"Il1b",0,0,0,0,0,0,0,0,0,0,0,0,0,0,0,0,0,0,0,0,0.907593602261281,0,0,0,0,0,0,0,0,0,0,0,0,0
"Il1rn",0,0,0,0,0,0,0,0,0,0,0,0,0,0,0,0,0,0,0,0,0.577646766693521,0,0,0,0,0,0,0,0,0,0,0,0,0
"Tnf",0,0,0,0,0,0,0,0,0,0,0,0,0,0,0,0,0,0.172089621679289,0.35590483262188,0.66848855400907,0,0,0,0,0,0,0,0,0,0,0,0,0,0
"Ltb",0,0,0,0,0,0,0,0,0,0,0,0,0,0,0,0,0,0,0,0.497927069078418,0,0,0,0,0,0,0,0,0,0,0,0,0,0
"Calm1",0,0,0,0,0,0,0,0,0,0,0,0,0,0,0,0,0,0,0,0.286159054193741,0,0,0,0,0,0,0,0,0,0,0,0,0,0
"Grn",0,0,0,0,0,0,0,0,0,0,0,0,0,0,0,0,0,0,0,0.270708918618151,0,0,0,0,0,0,0,0,0,0,0,0,0,0
"Edn1",0,0.193018975167152,0,0,0,0,0,0,0,0,0,0,0,0,0.256264817506606,0,0,0,0,0,0,0,0,0,0,0,0,0,0,0,0,0,0,0
"Ghrl",0,0.193018975167152,0,0,0,0,0,0,0,0,0,0,0,0,0.146838927812437,0,0,0,0,0,0,0,0,0,0,0,0,0,0,0,0,0,0,0
"Camp",0,0.442964902405261,0,0,0,0,0,0,0,0,0,0,0,0,0,0,0,0,0,0,0,0,0,0,0,0,0.423321526707815,0,0,0,0,0,0,0
"Igf1",0,0,0,0,0,0,0,0,0,0,0,0,0,0,0,0,0,0,0,0,0,0,0,0,0,0,0.831915644489336,0,0,0,0,0,0,0
"Nampt",0,0,0,0,0,0,0,0,0,0,0,0,0,0,0,0,0,0,0,0,0,0,0,0,0,0,0.422350320898565,0,0,0,0,0,0,0
"Cfh",0,0,0,0,0,0,0,0.122228008955487,0,0,0,0.0370438891889066,0,0,0,0,0,0,0,0,0,0,0,0,0,0,0,0,0,0,0,0,0,0
"Cd34",0,0,0,0,0,0,0,0,0,0,0,0.440818641887195,0,0,0,0,0,0,0,0,0,0,0,0,0,0,0,0,0,0,0,0,0,0
"Col18a1",0,0,0,0,0,0,0,0,0,0,0,0.426079571298829,0,0,0,0,0,0,0,0,0,0,0,0,0,0,0,0,0,0,0,0,0,0
"Sell",0,0,0,0,0,0,0,0,0,0,1.07275115218733,0,0,0,0,0,0,0,0,0,0,0,0,0,0,0,0,0,0,0,0,0,0,0
"Selp",0,0,0,0,0,0,0,0,0,0,0.865780030212094,0,0,0,0,0,0,0,0,0,0,0,0,0,0,0,0,0,0,0,0,0,0,0
"Ceacam1",0,0,0,0,0,0,0,0,0,0,0,0,0,0.436140145393916,0,0,0,0,0,0,0,0,0,0,0,0,0,0,0,0,0,0,0,0
"Kitl",0,0,0,0,0,0,0,0,0,0,0,0,0,0.0286522636258257,0,0,0,0,0,0,0,0,0,0,0,0,0,0,0,0,0,0,0,0
"Cd2",0,0,0,0,0,0,0,0,0,0,0,0,0.110630458510842,0,0,0,0,0,0,0,0,0,0,0,0,0,0,0,0,0,0,0,0,0
"Sema4d",0,0,0,0,0,0,0,0,0,0,0,0,0.487573387937797,0,0,0,0,0,0,0,0,0,0,0,0,0,0,0,0,0,0,0,0,0
"Ccl2",0,0,0.100392754680918,0,0,0,0,0,0,0,0,0,0,0,0,0,0,0,0,0,0,0,0,0,0,0,0,0,0,0,0,0,0,0
"Ccl7",0,0,0.842028008170141,0,0,0,0,0,0,0,0,0,0,0,0,0,0,0,0,0,0,0,0,0,0,0,0,0,0,0,0,0,0,0
"Apoe",0,0,0,0,0,0,0,0,0,0,0,0,0,0,0,0,0,0,0,0,0,0,0.699239598034586,0,0,0,0,0,0,0,0,0,0,0
"Lrpap1",0,0,0,0,0,0,0,0,0,0,0,0,0,0,0,0,0,0,0,0,0,0,0.182382624597654,0,0,0,0,0,0,0,0,0,0,0
"Rps19",0,0,0,0.0633305701055149,0,0,0,0,0,0,0,0,0,0,0,0,0,0,0,0,0,0,0,0,0,0,0,0,0,0,0,0,0,0
"Pglyrp1",0,0,0,0,0,0,0,0,0,0.419305245064715,0,0,0,0,0,0,0,0,0,0,0,0,0,0,0,0,0,0,0,0,0,0,0,0
"Lgals3",0,0,0,0,0,0,0,0,0,0,0,0,0,0,0,0,0,0,0,0,0,0,0,0,0,0,0,0,0,0,0.298079959423935,0.0291577595094702,0,0
"Il18",0,0,0,0,0,0,0,0,0,0,0,0,0,0,0,0,0,0,0,0,0,0,0,0,1.63489914049311,0,0,0,0,0,0,0,0,0
"Alox5ap",0,0,0,0,0,0,0,0,0,0,0,0,0,0,0,0,0,0,0,0,0,0,0,0.4089196717436,0,0,0,0,0,0,0,0,0,0
"Csf1",0,0,0,0,0,0,0,0,0,0,0,0,0,0,0,0,0,0,0,0,0,0,0,0,0,0,0,0,0,0,0,0,0.351804206334404,0.387925467376123
"Mapt",0,0,0,0,0,0,0,0,0,0,0,0,0,0,0,0,0,0.0193483307384874,0,0,0,0,0,0,0,0,0,0.154872339316825,0,0,0,0,0,0
"Vegfa",0,0,0,0,0,0,0,0,0,0,0,0,0,0,0,0,0,0,0,0,0,0,0,0,0,0,0,0.382819557936493,0,0,0,0,0,0
"Itgb1",0,0,0,0,0,0,0,0,0,0,0,0,0,0,0,0,0,0,0,0,0,0,0,0,0,0.341577336750168,0.346889627892154,0.350545818033698,0.37047288854909,0.314022347992652,0,0,0,0
"Clstn1",0,0,0,0,0,0,0,0,0,0,0,0,0,0,0,0,0,0,0,0,0,0,0,0,0,0,0,0,0.252443677350958,0,0,0,0,0
"Thbs1",0,0,0,0,0,0,0,0.210422770078345,0,0,0,0,0,0,0,0,0,0,0,0,0,0,0,0,0,0,0,0,0.0340051521904172,0,0,0,0,0
