"Col4a1" "Eln" "Fabp4" "Fn1" "Hif1a" "Loxl2" "Nme1" "Socs3" "Thbs1" "Vim" "Actb" "Bhlhe40" "Cebpb" "Clic1" "Id3" "Pfn1" "Tnc" "Tubb5" "Vasp" "Adamts5" "Tnfrsf1a" "Angptl4" "Gabarap" "Selp" "Mmp14" "Sema7a" "Pkm" "Txn1" "Fosl2" "Col18a1" "Calm1" "Pip5k1c" "Col4a2"
"Sema3f" 0 0 0 0 0 0 0 0 0 0 0 0.000986396165116234 0.000984980519484893 0 0.00105895811669342 0 0 0 0 0 0 0 0 0 0 0 0 0 0 0 0 0 0
"Agrn" 0 0 0 0 0 0 0 0.00100415363854368 0 0.00120126973433229 0.000985447885549024 0.00141521852043047 0.0011642988549326 0.00117719221576371 0.00133005617809613 0 0 0 0 0 0 0.00100007890446994 0 0 0 0 0 0 0.00104673266113555 0 0.000981008125430335 0.00112754347405526 0
"Aimp1" 0 0 0 0 0 0 0 0 0 0 0 0.00107793672463104 0.00108431292935155 0.00101309634879989 0.00109712323343289 0 0 0.000994972561572203 0 0 0 0 0 0 0 0 0 0 0 0 0 0 0
"Ptprf" 0 0 0 0.00134453857210543 0.00104683960479203 0 0 0.00106147883327957 0 0.00102466550237222 0.00126970680747263 0.00137864103066021 0.00127465654332511 0.00116091215762288 0.00130679880186445 0.00111253696041319 0 0.00111232546847081 0.000983139824935452 0 0 0 0 0 0 0 0 0 0 0.000998373193749292 0 0 0
"Nid1" 0 0 0 0.00128306260991774 0 0 0 0.00104340070676619 0.00106199485135442 0.00103202861531701 0.00123564708620085 0.0013136383492254 0.00126332099715911 0.00110809665820219 0.00131648773695306 0.00112635505900483 0 0.00128907977510797 0.00107240504471443 0 0 0 0.00109505768479997 0 0 0 0 0 0 0 0 0 0.00124289887545935
"Efnb1" 0 0 0 0 0 0 0 0 0 0 0 0.000982105672626734 0 0 0.00102406367506184 0 0 0 0 0 0 0 0 0 0 0 0 0 0 0 0 0 0
"Itga4" 0 0 0 0 0 0 0 0 0 0 0 0 0.000997773666581036 0 0.00100014524640969 0 0 0 0 0 0 0 0 0 0 0 0 0 0 0 0 0 0
"Lamb1" 0 0 0 0 0 0 0 0.00105229548019358 0 0.00110664599315094 0.00107683527885814 0.00135403749472132 0.00134461548551368 0.00119537386418107 0.00133981530395671 0 0 0.00110893909376765 0.000999986162413329 0 0 0.00104380740869363 0 0 0 0 0 0 0.00106648501153628 0 0.00103848885270798 0.0010393702365477 0
"Col18a1" 0 0 0 0 0 0 0 0.00108748854787891 0 0 0.00104233703740744 0.00118559886801616 0.00113032575278989 0.00106646000503155 0.00129967176804586 0.00105641920965281 0 0.000988382944043088 0 0 0 0 0 0 0 0 0 0 0 0 0 0 0
"Gmfb" 0 0 0 0.00130616209103307 0.001152522595317 0 0.00100444221131406 0.00131696037980448 0.0011375497307543 0.00128875988543163 0.00146436565661762 0.00155615812843139 0.00158981289595062 0.00142324624452076 0.00149349716164946 0.00132626750936323 0.000999534339465711 0.00142819368202294 0.00134438463674558 0 0.00123567207808202 0.00107793570719328 0.00113235160296462 0 0 0 0.00104933331459789 0 0.00128242755384225 0.00118815372716528 0.000991478896743246 0 0
"Fbn1" 0 0 0 0.00103755226852039 0 0 0 0.00100325905754983 0.00105624395417816 0.00101762408391851 0.00119660850923217 0.00145854018029071 0.00127055759300585 0.00118618362425712 0.00136671930560248 0.00104988321790144 0 0.00105557051549597 0.00111737192643341 0 0 0 0 0 0 0 0 0 0.00104038542948169 0.00104687187235565 0 0 0
"Pgf" 0 0 0 0.00162008829024104 0.00268630549914874 0 0.00102314103277396 0.00143833709680886 0.00118249421152667 0.00129305591381798 0.00158456810076445 0.00180621436127998 0.00161046278169084 0.00135654474903529 0.00157292839406298 0.00126203699620948 0 0.00147997949280216 0.00131265453326236 0 0.0012991136998359 0.00131367798619356 0.00126092055407575 0 0 0 0.0011349566432881 0.00102552973797454 0.00130886877177111 0.0012653313147253 0.00105200644092734 0 0
"Hspg2" 0 0 0 0 0 0 0 0.00109900392966455 0 0.00106998959192149 0.00116983347447202 0.00137597068690354 0.00116865440719796 0.00116728230749624 0.0014333956263109 0 0 0.00101616444103493 0 0 0 0.00100351058776851 0 0 0 0 0 0 0.00101989007680251 0.000982167834995706 0.000999324980931607 0.000989846536635367 0
"Itgam" 0 0 0 0.001128916647372 0 0 0 0.00112798956222543 0 0.00107999660187595 0.00115234982413562 0.00131627315158071 0.00129516823131914 0.00108973802830415 0.00126056556953271 0.00105569737502626 0 0.00104286075015005 0.00103944425349614 0 0.00101876574012982 0 0 0 0 0 0 0 0.00108445326370327 0 0 0 0
"Yars" 0 0 0 0.00117306738261956 0 0 0 0.00103032214014789 0 0 0.00103185817592897 0.00129226383481009 0.00120217123136523 0.00104175730872633 0.00125950121872176 0 0 0.00112218224299495 0 0 0 0 0 0 0 0 0 0 0 0 0 0 0
"Nampt" 0.00105734552741308 0.00103976023014584 0.00492993552203335 0.0015836944212677 0.0014639722037824 0 0.00123102366497073 0.00156557235367655 0.00129879520101748 0.00147060409463266 0.00177084597269327 0.00225259259796935 0.00197957165197222 0.00184236362877953 0.00190128256070449 0.00167048448810788 0.00101776178672184 0.00168264419669985 0.0016277442214018 0 0.00154419926392776 0.00150861589091478 0.00149365394792334 0 0.00106664581592447 0.00106294579001612 0.00124237714304512 0.00107037439370747 0.00148759982833115 0.00136886036534574 0.00123221247804616 0.00112498516005035 0.00119273038010564
"Trf" 0 0 0 0.00123741515913932 0.00379232108141822 0 0 0.00118732573087166 0.00104181742847432 0.00117393762449016 0.00140718378024421 0.00143417866455302 0.0014451960321992 0.00141466846141701 0.00144668307757815 0.00133676657631843 0 0.00128055089710798 0.00125281425836679 0 0.00115099727155137 0.00106748245115085 0.00107151934886857 0 0 0 0.00101393142521181 0 0.00108698678779975 0.00116196328188222 0.000983555939371825 0 0
"C3" 0 0 0 0 0 0 0 0 0 0 0 0.00105562083355485 0.00105734371399206 0 0.000980073393679836 0 0 0 0 0 0 0 0 0 0 0 0 0 0 0 0 0 0
"Grem1" 0 0.00111117550230422 0 0.00107665739697066 0.00115717804265734 0 0 0.00110713033732007 0.00110714254073178 0.00102667214213015 0.00115716355890302 0.00137959711863568 0.00140280276733827 0.00125767498701645 0.0012732351639124 0.0012201237774388 0.00436743662988051 0.00115446484457715 0.0010073506322073 0 0 0 0.00107463866746449 0 0.00104374813566113 0 0 0 0 0.00103306095582951 0 0 0
"Hc" 0 0 0 0 0 0 0 0 0 0 0.00197842523846087 0 0 0 0 0 0 0 0 0 0 0 0 0 0 0 0 0 0 0 0 0 0
"Rps19" 0 0 0 0 0 0 0 0 0 0 0.00100367974280875 0.00102367989052771 0.00105812113185286 0.000985744741914743 0.00107412121932173 0 0 0.00098840584894302 0 0 0 0 0 0 0 0 0 0 0 0 0 0 0
"Icam1" 0 0 0 0.00115808378879791 0 0 0 0.00120807737808542 0 0.00105634377404445 0.00118513435505379 0.00129345089814636 0.00128282742068574 0.00114249551354306 0.00131474601200784 0.00121038777288525 0 0.00110481861262787 0.00100842390152386 0 0.000994214559060387 0 0 0 0 0 0 0 0.00100596576848155 0 0 0 0
"Mapt" 0 0 0 0.001047798201413 0 0 0 0.00110358380494079 0 0.00102588018919457 0.00123212111036657 0.00141205415671205 0.00130979639713352 0.00114066273851525 0.00135845950018374 0.00115317136762415 0 0.00111676570869437 0.00105489492447506 0 0 0 0.00105792454289749 0 0 0 0 0.00431627938629702 0 0.00101997722685597 0 0 0
"Dll4" 0.00105158767963183 0.00120201100803563 0 0.00269630698677478 0.00121433108199863 0 0.00136851061897578 0.00185753483398235 0.00159146843268634 0.0017665762779185 0.00185625641413516 0.00222892152937354 0.00191258598856659 0.00155279467161122 0.00186698453958195 0.00137749901709754 0.00126860578117885 0.00218455968345461 0.00169125364199352 0 0.00143078965072025 0.0012026207484359 0.00169192243600079 0 0 0.00181279464419215 0.0014091315517251 0.000988758341041561 0.00163915009379672 0.0013602375603735 0.0014195428258565 0.00120209671024152 0.00102875998261959
"Tgfb3" 0.00106760603302712 0.00107851761243098 0 0.00446920500700439 0.00116391145876509 0 0.00101439269387709 0.00123735984768195 0.00107998525785206 0.00132242544024724 0.00171215492557961 0.00174604769304927 0.00137053562748028 0.00124604185718866 0.00202957344950618 0.0013860823839256 0.00642598074252033 0.00136146995552084 0.00114502240893747 0 0.00122059698008197 0.00111470524778343 0 0 0 0.00105717180303085 0.00117160013313915 0 0.00120832006361406 0.00129165322023693 0 0 0
"Cxcl12" 0 0 0 0.00109018369767211 0 0 0 0.00132478426710201 0 0 0.00103059421067205 0.00131870328332502 0.00411863755831926 0.00107192451816511 0.00125994899055875 0 0 0.00106062466917011 0 0 0 0 0 0 0.00206926318512956 0 0 0 0 0 0 0 0
"Selplg" 0 0 0 0 0 0 0 0 0 0 0 0.00102770745793143 0.00106502574420389 0 0.00114648278153423 0 0 0 0 0 0 0 0 0.00261856202650119 0 0 0 0 0 0 0 0 0
"Itgb1" 0 0 0 0 0 0 0 0 0 0 0.00105680613317923 0.00113934330810579 0.00412477620277136 0.00106593535012395 0.00121492222494429 0 0 0 0 0 0 0 0 0 0 0 0 0 0 0 0 0 0
"Manf" 0 0 0 0.00108881098928279 0 0 0.00108082428115221 0 0 0 0.00100631839929851 0.00127507820990402 0.00142435968262217 0.00124669305600276 0.0011738791597841 0.00122199253411193 0 0.0011251219272539 0.00101525552951803 0 0 0.00114929685289048 0.00107480913353422 0 0 0 0 0 0 0 0 0 0
"Lgals3" 0 0 0 0.00102042501792806 0 0 0 0.00207635953436987 0 0 0.00104067261185247 0.00116308123280775 0.0011778097835417 0.00101371019557758 0.00116505245618983 0.00098535802368398 0 0.00100602624988035 0 0.00215437525223212 0.0041169125117841 0 0 0 0 0 0 0 0 0 0 0 0
"Spp1" 0 0.0049989028848838 0 0.00125375186388455 0.00109791002016398 0 0.0010032274635009 0.00112648257739227 0.00424683178350971 0.00118931505083177 0.0014557991705183 0.00153738968692015 0.00147532636381718 0.00129706631785776 0.0014267373474043 0.00123120779421862 0.00447159030759513 0.00133668505344441 0.00127119297061563 0 0.00113579762756704 0.00102266876945881 0.00108917989702348 0 0 0 0 0 0.00112333460186925 0.00106892208637945 0 0 0
"Tgfb1" 0.00485394028475774 0.00698701226936435 0.00465532966675315 0.00583983968729012 0.00512547950130937 0.00519585533520799 0.00433370091195563 0.00567161006627657 0.00592596870735485 0.00539500587814721 0.00296597953804268 0.00203060457954879 0.00180393230118736 0.00164313488636811 0.00311605929807148 0.00149627334430383 0.00263948532009254 0.00163917850063023 0.00154803841155808 0 0.00140055611775063 0.00266262670309782 0.00137606842612614 0 0 0.0024866622703711 0.00119245953389744 0.0010515729946795 0.00149883174314009 0.00138206816395869 0.00122107137240598 0.00107422389052097 0.00101340973348201
