"","Itgav","Itgb1","Itga8","Itga9","Osmr","Rpsa","Itga1","Dag1","Itga7","Scara3","Colec12","Nptn","Antxr1","Scarb2","Itpr1","Pcdh7","Sec63","Bmpr1a","Ddr2","Ryk","Ednra","Ednrb","Tnfrsf1a","Mylk","Pde1a","Anxa6","Igf1r","Pkd1","Slc1a5","Jam3","Cd47","Cd151","Fat1","Tgfbr2","Tgfbr3","Sdc2","Sdc4","Glg1","Fgfr1","Nrp1","Ptprs","Ptpra","Rack1","F3","Vldlr","Lrp1","Ncam1","S1pr3","Rrbp1","Il6st","Gria1","Gabra3","Derl1","Calm1","Clstn1","Atp5b","Notch3","Axl","Pdgfrb"
"Thbs1",0.436259787263686,0.215658962029843,0,0,0,0,0,0,0,0,0,0,0,0,0,0,0,0,0,0,0,0,0,0,0,0,0,0,0,0,0.0340051521904172,0,0,0,0,0,0,0,0,0,0,0,0,0,0,0.625241979369739,0,0,0,0,0,0,0,0,0,0,0,0,0
"Clstn1",0,0,0,0,0,0,0,0,0,0,0,0,0,0,0,0,0,0,0,0,0,0,0,0,0,0,0,0,0,0,0.252443677350958,0,0,0,0,0,0,0,0,0,0,0,0,0,0,0.179146242106199,0,0,0,0,0,0,0,0,0,0,0,0,0
"Thbs2",0,0,0,0,0,0,0,0,0,0,0,0,0,0,0,0,0,0,0,0,0,0,0,0,0,0,0,0,0,0,0.2422404431704,0,0,0,0,0,0,0,0,0,0,0,0,0,0,0.190636719311023,0,0,0,0,0,0,0,0,0,0,0,0,0
"Hsp90b1",0,0.176622449563947,0,0,0,0,0,0,0,0,0,0,0,0,0,0,0,0.202553313069005,0,0,0,0,0,0,0,0,0,0,0,0,0,0,0,0,0,0,0,0,0,0,0,0,0,0,0,0.02413170054837,0,0,0,0,0,0,0,0,0,0,0,0,0
"Mmp9",0,0.401681940026392,0,0,0,0,0,0,0,0,0,0,0,0,0,0,0,0,0,0,0,0,0,0,0,0,0,0,0,0,0,0,0,0,0,0,0,0,0,0,0,0,0,0,0,0.310435776660169,0,0,0,0,0,0,0,0,0,0,0,0,0
"Agrn",0.250218026267722,0.206282774030582,0,0,0,0,0,0.388241151265362,0,0,0,0,0,0,0,0,0,0,0,0,0,0,0,0,0,0,0,0,0,0,0,0,0,0,0,0,0,0,0,0,0.459981161825488,0,0,0,0,0.10960023775516,0.446585404733779,0,0,0,0,0,0,0,0,0,0,0,0
"Hspg2",0,0.103295647788543,0,0,0,0,0,0.322531549603126,0,0,0,0,0,0,0,0,0,0,0,0,0,0,0,0,0,0,0,0,0,0,0,0,0,0,0,0,0,0,0.293061776955819,0,0.232399123086234,0,0,0,0,0.10960023775516,0,0,0,0,0,0,0,0,0,0,0,0,0
"Timp1",0,0,0,0,0,0,0,0,0,0,0,0,0,0,0,0,0,0,0,0,0,0,0,0,0,0,0,0,0,0,0,0,0,0,0,0,0,0,0,0,0,0,0,0,0,0.196613018488862,0,0,0,0,0,0,0,0,0,0,0,0,0
"Serping1",0,0,0,0,0,0,0,0,0,0,0,0,0,0,0,0,0,0,0,0,0,0,0,0,0,0,0,0,0,0,0,0,0,0,0,0,0,0,0,0,0,0,0,0,0,0.02413170054837,0,0,0,0,0,0,0,0,0,0,0,0,0
"Serpine2",0,0,0,0,0,0,0,0,0,0,0,0,0,0,0,0,0,0,0,0,0,0,0,0,0,0,0,0,0,0,0,0,0,0,0,0,0,0,0,0,0,0,0,0,0,0.140964001971249,0,0,0,0,0,0,0,0,0,0,0,0,0
"Serpine1",0,0,0,0,0,0,0,0,0,0,0,0,0,0,0,0,0,0,0,0,0,0,0,0,0,0,0,0,0,0,0,0,0,0,0,0,0,0,0,0,0,0,0,0,0,0.446424887129183,0,0,0,0,0,0,0,0,0,0,0,0,0
"Psap",0,0,0,0,0,0,0,0,0,0,0,0,0,0,0,0,0,0,0,0,0,0,0,0,0,0,0,0,0,0,0,0,0,0,0,0,0,0,0,0,0,0,0,0,0,0.02413170054837,0,0,0,0,0,0,0,0,0,0,0,0,0
"Plau",0,0,0,0,0,0,0,0,0,0,0,0,0,0,0,0,0,0,0,0,0,0,0,0,0,0,0,0,0,0,0,0,0,0,0,0,0,0,0,0,0,0,0,0,0,0.02413170054837,0,0,0,0,0,0,0,0,0,0,0,0,0
"Plat",0,0,0,0,0,0,0,0,0,0,0,0,0,0,0,0,0,0,0,0,0,0,0,0,0,0,0,0,0,0,0,0,0,0,0,0,0,0,0,0,0,0,0,0,0,0.02413170054837,0,0,0,0,0,0,0,0,0,0,0,0,0
"C3",0,0,0,0,0,0,0,0,0,0,0,0,0,0,0,0,0,0,0,0,0,0,0,0,0,0,0,0,0,0,0,0,0,0,0,0,0,0,0,0,0,0,0,0,0,0.365388405573321,0,0,0,0,0,0,0,0,0,0,0,0,0
"Ltf",0,0,0,0,0,0,0,0,0,0,0,0,0,0,0,0,0,0,0,0,0,0,0,0,0,0,0,0,0,0,0,0,0,0,0,0,0,0,0,0,0,0,0,0,0,0.02413170054837,0,0,0,0,0,0,0,0,0,0,0,0,0
"Apoe",0,0,0,0,0,0,0,0,0,0,0,0,0,0,0,0,0,0,0,0,0,0,0,0,0,0,0,0,0,0,0,0,0,0,0,0.334351111240988,0.210881047368993,0,0,0,0,0,0,0,0.810392890614543,0.585898822136642,0,0,0,0,0,0,0,0,0,0,0,0,0
"Lrpap1",0,0,0,0,0,0,0,0,0,0,0,0,0,0,0,0,0,0,0,0,0,0,0,0,0,0,0,0,0,0,0,0,0,0,0,0,0,0,0,0,0,0,0,0,0.861441810055241,0.486493867489844,0,0,0,0,0,0,0,0,0,0,0,0,0
"Tfpi",0,0,0,0,0,0,0,0,0,0,0,0,0,0,0,0,0,0,0,0,0,0,0,0,0,0,0,0,0,0,0,0,0,0,0,0,0,0,0,0,0,0,0,0.379481233593151,0.283837747519814,0.02413170054837,0,0,0,0,0,0,0,0,0,0,0,0,0
"Ccl5",0,0,0,0,0,0,0,0,0,0,0,0,0,0,0,0,0,0,0,0,0,0,0,0,0,0,0,0,0,0,0,0,0,0,0,0,0.488348219681343,0,0,0,0,0,0,0,0,0,0,0.136290500562026,0,0,0,0,0,0,0,0,0,0,0
"Rspo3",0,0,0,0,0,0,0,0,0,0,0,0,0,0,0,0,0,0,0,0,0,0,0,0,0,0,0,0,0,0,0,0,0,0,0,0,0.198201315873779,0,0,0,0,0,0,0,0,0,0,0,0,0,0,0,0,0,0,0,0,0,0
"Pecam1",0.146999682235942,0,0,0,0,0,0,0,0,0,0,0,0,0,0,0,0,0,0,0,0,0,0,0,0,0,0,0,0,0,0,0,0,0,0,0,0.178098082222914,0,0,0,0,0,0,0,0,0,0,0,0,0,0,0,0,0,0,0,0,0,0
"Tgfb3",0.261823137210641,0.206282774030582,0,0,0,0,0,0,0,0,0,0,0,0,0,0,0,0,0,0,0,0,0,0,0,0,0,0,0,0,0,0,0,0.556736512164169,0.0488740954378469,0,0.303450384357818,0,0,0,0,0,0,0,0,0,0,0,0,0,0,0,0,0,0,0,0,0,0
"Calr",0.122748629768268,0,0,0,0,0,0,0,0,0,0,0,0,0,0,0,0,0,0,0,0,0,0,0.18456192444073,0,0,0,0,0,0,0,0,0,0,0,0,0,0,0,0,0,0,0,0,0,0.510877418586597,0,0,0,0,0,0,0,0,0,0,0,0,0
"Nid1",0.122748629768268,0,0,0,0,0,0,0,0,0,0,0,0,0,0,0,0,0,0,0,0,0,0,0,0,0,0,0,0,0,0,0,0,0,0,0,0,0,0,0,0,0,0,0,0,0,0,0,0,0,0,0,0,0,0,0,0.206669734907324,0,0
"Vwf",0.261531623989958,0,0,0,0,0,0,0,0,0,0,0,0,0,0,0,0,0,0,0,0,0,0,0,0,0,0,0,0,0,0,0,0,0,0,0,0,0,0,0,0,0,0,0,0,0,0,0,0,0,0,0,0,0,0,0,0,0,0
"Fbn1",0.250118959648434,0.193718678148794,0,0,0,0,0,0,0,0,0,0,0,0,0,0,0,0,0,0,0,0,0,0,0,0,0,0,0,0,0,0,0,0,0,0,0,0,0,0,0,0,0,0,0,0,0,0,0,0,0,0,0,0,0.400739617905946,0,0,0,0
"Adam9",0.0270267039283965,0.0960889624155033,0,0,0,0,0,0,0,0,0,0,0,0,0,0,0,0,0,0,0,0,0,0,0,0,0,0,0,0,0,0,0,0,0,0,0,0,0,0,0,0,0,0,0,0,0,0,0,0,0,0,0,0,0,0,0,0,0
"Col18a1",0.250218026267722,0.0885726481273005,0,0,0,0,0,0,0,0,0,0,0,0,0,0,0,0,0,0,0,0,0,0,0,0,0,0,0,0,0,0,0,0,0,0,0,0,0,0,0,0,0,0,0,0,0,0,0,0,0,0,0,0,0,0,0,0,0
"Fn1",0.114300526821933,0.433977464142074,0.175693105238792,0,0,0.161194146517752,0,0,0,0,0,0,0,0,0,0,0,0,0,0,0,0,0,0,0,0,0,0,0,0,0,0,0,0,0,0.022254232864487,0,0,0,0,0,0,0,0,0,0,0,0,0,0,0,0,0,0,0,0,0,0,0
"Tgfb1",0.398951336367493,0.206282774030582,0.311062360652638,0,0,0,0,0,0,0,0,0,0,0,0,0,0,0.501397932791088,0,0,0,0,0,0,0,0,0,0,0,0,0,0,0,0.766590481304378,0.0488740954378469,0.41419151066023,0,0,0,0,0,0,0,0,0,0,0,0,0,0,0,0,0,0,0,0,0,0,0
"Col1a1",0.240972063677946,0.501195220221716,0,0.174851930282656,0,0,0.146469335307509,0,0,0,0,0,0,0,0,0,0,0,0.0373982870766781,0,0,0,0,0,0,0,0,0,0,0,0,0,0,0,0,0,0,0,0,0,0,0,0,0,0,0,0,0,0,0,0,0,0,0,0,0,0,0,0
"Spp1",0.14132723075033,0.0923475211196466,0.311062360652638,0.133476007591878,0,0,0,0,0,0,0,0,0,0,0,0,0,0,0,0,0,0,0,0,0,0,0,0,0,0,0,0,0,0,0,0,0,0,0,0,0,0,0,0,0,0,0,0,0,0,0,0,0,0,0,0,0,0,0
"Tnc",0.241769923321387,0.240961163066389,0.300559972456547,0.403611024860497,0,0,0,0,0.281468390796823,0,0,0,0,0,0,0,0,0,0,0,0,0,0,0,0,0,0,0,0,0,0,0,0,0,0,0,0,0,0,0,0,0,0,0,0,0,0,0,0,0,0,0,0,0,0,0,0,0,0
"Vcam1",0,0.471078651730058,0,0.497441251210475,0,0.0995665826262429,0,0,0,0,0,0,0,0,0,0,0,0,0,0,0,0,0,0,0,0,0,0,0,0,0,0,0,0,0,0,0,0,0,0,0,0,0,0,0,0,0,0,0,0,0,0,0,0,0,0,0,0,0
"Adam12",0,0.0960889624155033,0,0.138883761267944,0,0,0,0,0,0,0,0,0,0,0,0,0,0,0,0,0,0,0,0,0,0,0,0,0,0,0,0,0,0,0,0,0.246717169249588,0,0,0,0,0,0,0,0,0,0,0,0,0,0,0,0,0,0,0,0,0,0
"Adam15",0,0.0960889624155033,0,0.138883761267944,0,0,0,0,0,0,0,0,0,0,0,0,0,0,0,0,0,0,0,0,0,0,0,0,0,0,0,0,0,0,0,0,0,0,0,0,0,0,0,0,0,0,0,0,0,0,0,0,0,0,0,0,0,0,0
"Itgb7",0,0,0,0.431744857793497,0,0,0,0,0,0,0,0,0,0,0,0,0,0,0,0,0,0,0,0,0,0,0,0,0,0,0,0,0,0,0,0,0,0,0,0,0,0,0,0,0,0,0,0,0,0,0,0,0,0,0,0,0,0,0
"Vegfd",0,0,0,0.364351873653556,0,0,0,0,0,0,0,0,0,0,0,0,0,0,0,0,0,0,0,0,0,0,0,0,0,0,0,0,0,0,0,0,0,0,0,0.446293343780428,0,0,0,0,0,0,0,0,0,0,0,0,0,0,0,0,0,0,0
"Col4a1",0,0.124822975832743,0,0,0,0,0.151129337145447,0,0,0,0,0,0,0,0,0,0,0,0,0,0,0,0,0,0,0,0,0,0,0,0,0,0,0,0,0,0,0,0,0,0,0,0,0,0,0,0.295265780731331,0,0,0,0,0,0,0,0,0,0,0,0
"Sema7a",0,0.206282774030582,0,0,0,0,0.244765300528363,0,0,0,0,0,0,0,0,0,0,0,0,0,0,0,0,0,0,0,0,0,0,0,0,0,0,0,0,0,0,0,0,0,0,0,0,0,0,0,0,0,0,0,0,0,0,0,0,0,0,0,0
"Reln",0,0.321614149900774,0,0,0,0,0,0,0,0,0,0,0,0,0,0,0,0,0,0,0,0,0,0,0,0,0,0,0,0,0,0,0,0,0,0,0,0,0,0,0,0,0,0,0.681775114723587,0,0,0,0,0,0,0,0,0,0,0,0,0,0
"Npnt",0,0.142809967830446,0.175693105238792,0,0,0,0,0,0,0,0,0,0,0,0,0,0,0,0,0,0,0,0,0,0,0,0,0,0,0,0,0,0,0,0,0,0,0,0,0,0,0,0,0,0,0,0,0,0,0,0,0,0,0,0,0,0,0,0
"Lamc2",0,0.124822975832743,0,0,0,0,0,0,0,0,0,0,0,0,0,0,0,0,0,0,0,0,0,0,0,0,0,0,0,0,0,0.408727326544067,0,0,0,0,0,0,0,0,0,0,0,0,0,0,0,0,0,0,0,0,0,0,0,0,0,0,0
"Adam17",0,0.215323106219401,0,0,0,0,0,0,0,0,0,0,0,0,0,0,0,0,0,0,0,0,0.316229024583641,0,0,0,0,0,0,0,0,0,0,0,0,0,0,0,0,0,0,0,0,0,0,0,0,0,0,0,0,0,0,0,0,0,0,0,0
"Angpt2",0,0.223456102641836,0,0,0,0,0,0,0,0,0,0,0,0,0,0,0,0,0,0,0,0,0,0,0,0,0,0,0,0,0,0,0,0,0,0,0,0,0,0,0,0,0,0,0,0,0,0,0,0,0,0,0,0,0,0,0,0,0
"Dusp18",0,0.0218358495907046,0,0,0,0.0161365689282064,0.0264377407495297,0,0.0304021375947095,0,0,0,0,0,0,0,0,0,0,0,0,0,0,0,0,0,0,0,0,0,0,0.0441477083275056,0,0,0,0,0,0,0,0,0,0,0,0,0,0,0,0,0,0,0,0,0,0,0,0,0,0,0
"Lama2",0,0.124822975832743,0,0,0,0.0161365689282064,0,0.656016895771603,0.173791510629548,0,0,0,0,0,0,0,0,0,0,0,0,0,0,0,0,0,0,0,0,0,0,0,0,0,0,0,0,0,0,0,0,0,0,0,0,0,0,0,0,0,0,0,0,0,0,0,0,0,0
"Lamb2",0,0.206282774030582,0,0,0,0.0942608801914102,0,0,0.428658668425428,0,0,0,0,0,0,0,0,0,0,0,0,0,0,0,0,0,0,0,0,0,0,0,0,0,0,0,0,0,0,0,0,0,0,0,0,0,0,0,0,0,0,0,0,0,0,0,0,0,0
"Itgb1",0.0195302857364874,0,0.0242793729773577,0.129840183075448,0,0,0.0191046837392178,0.254889308469711,0.325603626077576,0,0,0,0,0,0,0,0,0,0,0,0,0,0,0,0,0,0.346889627892154,0,0.181837144648906,0.527918302406054,0.37047288854909,0.031902423637437,0.141791862744207,0,0,0,0,0,0,0,0,0,0.277758086884465,0,0,0,0,0,0,0,0,0,0,0,0,0,0,0,0.123843448479777
"Lama1",0.241769923321387,0.383993198091963,0,0.174851930282656,0.281815427843531,0.0161365689282064,0.11180970138493,0.647703314273306,0.30236732042103,0,0,0,0,0,0,0,0,0,0,0,0,0,0,0,0,0,0,0,0,0,0,0,0,0,0,0.210859225323504,0.163144266636561,0,0,0,0,0,0,0,0,0,0,0,0,0,0,0,0,0,0,0,0,0,0
"Lamb1",0.250218026267722,0.124822975832743,0,0,0,0,0.244765300528363,0.419159861160115,0.428658668425428,0,0,0,0,0,0,0,0,0,0,0,0,0,0,0,0,0,0,0,0,0,0,0,0,0,0,0.181684131596002,0,0,0,0,0,0,0,0,0,0,0,0,0,0,0,0,0,0,0,0,0,0,0
"Vegfc",0,0,0,0,0,0,0,0,0,0,0,0,0,0,0,0,0,0,0,0,0,0,0,0,0,0,0,0,0,0,0,0,0,0,0,0,0,0,0,0.446293343780428,0,0,0,0,0,0,0,0,0,0,0,0,0,0,0,0,0,0,0
"Sema3f",0,0,0,0,0,0,0,0,0,0,0,0,0,0,0,0,0,0,0,0,0,0,0,0,0,0,0,0,0,0,0,0,0,0,0,0,0,0,0,0.148817687430665,0,0,0,0,0,0,0,0,0,0,0,0,0,0,0,0,0,0,0
"Sema3c",0,0,0,0,0,0,0,0,0,0,0,0,0,0,0,0,0,0,0,0,0,0,0,0,0,0,0,0,0,0,0,0,0,0,0,0,0,0,0,0.640756172872826,0,0,0,0,0,0,0,0,0,0,0,0,0,0,0,0,0,0,0
"Sema3b",0,0,0,0,0,0,0,0,0,0,0,0,0,0,0,0,0,0,0,0,0,0,0,0,0,0,0,0,0,0,0,0,0,0,0,0,0,0,0,0.371715213079687,0,0,0,0,0,0,0,0,0,0,0,0,0,0,0,0,0,0,0
"Sema3a",0,0,0,0,0,0,0,0,0,0,0,0,0,0,0,0,0,0,0,0,0,0,0,0,0,0,0,0,0,0,0,0,0,0,0,0,0,0,0,0.560665593706596,0,0,0,0,0,0,0,0,0,0,0,0,0,0,0,0,0,0,0
"Icam2",0,0,0,0,0,0,0,0,0,0,0,0,0,0,0,0,0,0,0,0,0,0,0,0,0,0,0,0,0,0,0,0,0,0,0,0,0,0,0,0.298059201053849,0,0,0,0,0,0,0,0,0,0,0,0,0,0,0,0,0,0,0
"Pgf",0,0,0,0,0,0,0,0,0,0,0,0,0,0,0,0,0,0,0,0,0,0,0,0,0,0,0,0,0,0,0,0,0,0,0,0,0,0,0,0.481748384810589,0,0,0,0,0,0,0,0,0,0,0,0,0,0,0,0,0,0,0
"Hgf",0,0,0,0,0,0,0,0,0,0,0,0,0,0,0,0,0,0,0,0,0,0,0,0,0,0,0,0,0,0,0,0,0,0,0,0.101073242149577,0,0,0,0.581836355238978,0,0,0,0,0,0,0,0,0,0,0,0,0,0,0,0,0,0,0
"Trf",0,0,0,0,0,0,0,0,0,0,0,0,0,0,0,0,0,0,0,0,0,0,0,0,0,0,0,0,0,0,0,0,0,0,0,0.181684131596002,0,0,0,0,0,0,0,0,0,0,0,0,0,0,0,0,0,0,0,0,0,0,0
"Efnb1",0,0,0,0,0,0,0,0,0,0,0,0,0,0,0,0,0,0,0,0,0,0,0,0,0,0,0,0,0,0,0,0,0,0,0,0.176858547600236,0,0,0,0,0,0,0,0,0,0,0,0,0,0,0,0,0,0,0,0,0,0,0
"Efnb2",0,0,0,0,0,0,0,0,0,0,0,0,0,0,0,0,0,0,0,0,0,0,0,0,0,0,0,0,0,0,0,0,0,0,0,0.25153465587347,0,0,0,0,0,0,0,0,0,0,0,0,0,0,0,0,0,0,0,0,0,0,0
"Pf4",0,0,0,0,0,0,0,0,0,0,0,0,0,0,0,0,0,0,0,0,0,0,0,0,0,0,0,0,0,0,0,0,0,0,0,0.308037228306428,0,0,0,0,0,0,0,0,0,0,0,0.136290500562026,0,0,0,0,0,0,0,0,0,0,0
"Hc",0,0,0,0,0,0,0,0,0,0,0,0,0,0,0,0,0,0,0,0,0,0,0,0,0,0,0,0,0,0,0,0,0,0,0,0,0,0,0,0,0,0,0,0,0,0,0,0.136290500562026,0,0,0,0,0,0,0,0,0,0,0
"Cxcl2",0,0,0,0,0,0,0,0,0,0,0,0,0,0,0,0,0,0,0,0,0,0,0,0,0,0,0,0,0,0,0,0,0,0,0,0,0,0,0,0,0,0,0,0,0,0,0,0.136290500562026,0,0,0,0,0,0,0,0,0,0,0
"Cxcl12",0,0,0,0,0,0,0,0,0,0,0,0,0,0,0,0,0,0,0,0,0,0,0,0,0,0,0,0,0,0,0,0,0,0,0,0,0,0,0,0,0,0,0,0,0,0,0,0.136290500562026,0,0,0,0,0,0,0,0,0,0,0
"Cxcl16",0,0,0,0,0,0,0,0,0,0,0,0,0,0,0,0,0,0,0,0,0,0,0,0,0,0,0,0,0,0,0,0,0,0,0,0,0,0,0,0,0,0,0,0,0,0,0,0.136290500562026,0,0,0,0,0,0,0,0,0,0,0
"Bmp4",0,0,0,0,0,0,0,0,0,0,0,0,0,0,0,0,0,0.0256401595334149,0,0,0,0,0,0,0,0,0,0,0,0,0,0,0,0,0,0,0,0,0.172736485781365,0,0,0,0,0,0,0,0,0,0,0,0,0,0,0,0,0,0,0,0
"Sfrp2",0,0,0,0,0,0,0,0,0,0,0,0,0,0,0,0,0,0.256035038673025,0,0,0,0,0,0,0,0,0,0,0,0,0,0,0,0,0,0,0,0,0,0,0,0,0,0,0,0,0,0,0,0,0,0,0,0,0,0,0,0,0
"Bmp3",0,0,0,0,0,0,0,0,0,0,0,0,0,0,0,0,0,0.059254171848763,0,0,0,0,0,0,0,0,0,0,0,0,0,0,0,0,0,0,0,0,0,0,0,0,0,0,0,0,0,0,0,0,0,0,0,0,0,0,0,0,0
"Bmp5",0,0,0,0,0,0,0,0,0,0,0,0,0,0,0,0,0,0.0256401595334149,0,0,0,0,0,0,0,0,0,0,0,0,0,0,0,0,0,0,0,0,0,0,0,0,0,0,0,0,0,0,0,0,0,0,0,0,0,0,0,0,0
"Fgf1",0,0,0,0,0,0,0,0,0,0,0,0,0,0,0,0,0,0,0,0,0,0,0,0,0,0,0,0,0,0,0,0,0,0,0.48822138931653,0.395168664691792,0.240017618338431,0,0.682507628090637,0.148817687430665,0,0,0,0,0,0,0,0,0,0,0,0,0,0,0,0,0,0,0
"Fgf2",0,0,0,0,0,0,0,0,0,0,0,0,0,0,0,0,0,0,0,0,0,0,0,0,0,0,0,0,0,0,0,0,0,0,0,0.470096634040453,0.321994839521182,0.306495006314527,0.623245513063781,0.148817687430665,0,0,0,0,0,0,0,0,0,0,0,0,0,0,0,0,0,0,0
"Cdh1",0,0,0,0,0,0,0,0,0,0,0,0,0,0,0,0,0,0,0.230756591247301,0,0,0,0,0,0,0,0,0.635170243331014,0.23301829452121,0,0,0,0,0,0,0,0,0,0.315415639604708,0,0,0,0.22526283440201,0,0,0,0,0,0,0,0,0,0,0,0,0,0,0,0
"Fgf7",0,0,0,0,0,0,0,0,0,0,0,0,0,0,0,0,0,0,0,0,0,0,0,0,0,0,0,0.2911276527612,0,0,0,0,0,0,0,0,0,0,0.46912724889491,0.148817687430665,0,0,0,0,0,0,0,0,0,0,0,0,0,0,0,0,0,0,0
"Flrt3",0,0,0,0,0,0,0,0,0,0,0,0,0,0,0,0,0,0,0,0,0,0,0,0,0,0,0,0,0,0,0,0,0,0,0,0,0,0,0.0245927599398541,0,0,0,0,0,0,0,0,0,0,0,0,0,0,0,0,0,0,0,0
"Fgf18",0,0,0,0,0,0,0,0,0,0,0,0,0,0,0,0,0,0,0,0,0,0,0,0,0,0,0,0,0,0,0,0,0,0,0,0,0,0,0.391683958770471,0,0,0,0,0,0,0,0,0,0,0,0,0,0,0,0,0,0,0,0
"Flrt2",0,0,0,0,0,0,0,0,0,0,0,0,0,0,0,0,0,0,0,0,0,0,0,0,0,0,0,0,0,0,0,0,0,0,0,0,0,0,0.127721164100967,0,0,0,0,0,0,0,0,0,0,0,0,0,0,0,0,0,0,0,0
"Bdnf",0,0,0,0,0,0,0,0,0,0,0,0,0,0,0,0,0,0,0,0,0,0,0,0,0,0,0,0,0,0,0,0,0,0,0,0,0,0,0,0,0,0,0,0,0,0,0.147853693716137,0,0,0,0,0,0,0,0,0,0,0,0
"Ncam1",0,0,0,0,0,0,0,0,0,0,0,0,0,0,0,0,0,0,0,0,0,0,0,0,0,0,0,0,0,0,0,0,0,0,0,0,0,0,0.455826559469436,0,0,0,0,0,0,0,0.0419453034630874,0,0,0,0,0,0,0,0,0,0,0,0
"Ptprc",0,0,0,0,0,0,0,0,0,0,0,0,0,0,0,0,0,0,0,0,0,0,0,0,0,0,0,0,0,0,0,0,0,0,0,0,0,0,0,0,0,0,0,0,0,0,0,0,0,0,0,0,0,0,0,0,0,0,0.0219306536377201
"Pdgfa",0,0,0,0,0,0,0,0,0,0,0,0,0,0,0,0,0,0,0,0,0,0,0,0,0,0,0,0,0,0,0,0,0,0,0,0,0,0,0,0,0,0,0,0,0,0,0,0,0,0,0,0,0,0,0,0,0,0,0.356498647574639
"Plekho2",0,0,0,0,0,0,0,0,0,0,0,0,0,0,0,0,0,0,0,0,0,0,0,0,0,0,0,0,0,0,0,0,0,0,0,0,0,0,0,0,0,0,0,0,0,0,0,0,0,0,0,0,0,0,0,0,0,0,0.0978776072967996
"Pdgfb",0,0,0,0,0,0,0,0,0,0,0,0,0,0,0,0,0,0,0,0,0,0,0,0,0,0,0,0,0,0,0,0,0,0,0,0,0,0,0,0.693680940404948,0,0,0,0,0,0.10960023775516,0,0,0,0,0,0,0,0,0,0,0,0,0.731185864316905
"Vegfa",0.122748629768268,0,0,0,0,0,0,0,0,0,0,0,0,0,0,0,0,0,0,0,0,0,0,0,0,0,0,0,0,0,0,0,0,0,0,0,0,0,0,0.579111625391905,0,0,0,0,0,0,0,0,0,0,0,0,0,0,0,0,0,0.586438808986029,0.461657586137444
"Ntn1",0,0,0,0,0,0,0,0,0,0,0,0,0,0,0,0,0,0,0,0,0,0,0,0,0,0,0,0,0,0,0,0,0,0,0,0,0,0,0,0,0,0,0,0,0,0,0,0,0,0,0,0,0,0,0,0,0.206669734907324,0,0
"Dll1",0,0,0,0,0,0,0,0,0,0,0,0,0,0,0,0,0,0,0,0,0,0,0,0,0,0,0,0,0,0,0,0,0,0,0,0,0,0,0,0,0,0,0,0,0,0,0,0,0,0,0,0,0,0,0,0,0.447642360540418,0,0
"Dll4",0,0,0,0,0,0,0,0,0,0,0,0,0,0,0,0,0,0,0,0,0,0,0,0,0,0,0,0,0,0,0,0,0,0,0,0,0,0,0,0,0,0,0,0,0,0,0,0,0,0,0,0,0,0,0,0,0.232775874954414,0,0
"Copa",0,0,0,0,0,0,0,0,0,0,0,0,0,0,0,0,0,0,0,0,0,0,0,0,0,0,0,0,0,0,0,0,0,0,0,0,0,0,0,0,0,0,0,0,0,0,0,0,0,0,0,0,0,0,0,0.0831994139349206,0.206669734907324,0,0.137835038374445
"Gpi1",0,0,0,0,0,0,0,0,0,0,0,0,0,0,0,0,0,0,0,0,0,0,0,0,0,0,0,0,0,0,0,0,0,0,0,0,0,0,0,0,0,0,0,0,0,0,0,0,0,0,0,0,0,0,0,0.0831994139349206,0,0,0
"Pkd1",0,0,0,0,0,0,0,0,0,0,0,0,0,0,0,0,0,0,0,0,0,0,0,0,0,0,0,0,0,0,0,0,0,0,0,0,0,0,0,0,0,0,0,0,0,0,0,0,0,0,0,0,0,0,0,0.137781251203572,0,0,0
"Jam2",0,0.177918065691644,0,0,0,0,0,0,0,0,0,0,0,0,0,0,0,0,0,0,0,0,0,0,0,0,0,0,0,1.27287447834719,0,0,0,0,0,0,0,0,0,0,0,0,0,0,0,0,0,0,0,0,0,0,0,0,0,0,0,0,0
"Jam3",0,0,0,0,0,0,0,0,0,0,0,0,0,0,0,0,0,0,0,0,0,0,0,0,0,0,0,0,0,0.0802323946513598,0,0,0,0,0,0,0,0,0,0,0,0,0,0,0,0,0,0,0,0,0,0,0,0,0,0,0,0,0
"Itgam",0,0,0,0,0,0,0,0,0,0,0,0,0,0,0,0,0,0,0,0,0,0,0,0,0,0,0,0,0,1.27410318850532,0,0,0,0,0,0,0,0,0,0,0,0,0,0,0,0,0,0,0,0,0,0,0,0,0,0,0,0,0
"Itgb2",0,0,0,0,0,0,0,0,0,0,0,0,0,0,0,0,0,0,0,0,0,0,0,0,0,0,0,0,0,0.731984298473639,0,0,0,0,0,0,0,0,0,0,0,0,0,0,0,0,0,0,0,0,0,0,0,0,0,0,0,0,0
"Gas6",0,0,0,0,0,0,0,0,0,0,0,0,0,0,0,0,0,0,0,0,0,0,0,0,0,0,0,0,0,0,0,0,0,0,0,0,0,0,0,0,0,0,0,0,0,0,0,0,0,0,0,0,0,0,0,0,0,1.04100463036071,0
"Pros1",0,0,0,0,0,0.216274304565458,0,0,0,0,0,0,0,0,0,0,0,0,0,0,0,0,0,0,0,0,0,0,0,0,0,0,0,0,0,0,0,0,0,0,0,0,0,0,0,0,0,0,0,0,0,0,0,0,0,0,0,0.613751700868118,0
"Itga4",0,0,0,0,0,0.0995665826262429,0,0,0,0,0,0,0,0,0,0,0,0,0,0,0,0,0,0,0,0,0,0,0,0.527918302406054,0,0,0,0,0,0,0,0,0,0,0,0,0,0,0,0,0,0,0,0,0,0,0,0,0,0,0,0,0
"Rps19",0,0,0,0,0,0.211404329570513,0,0,0,0,0,0,0,0,0,0,0,0,0,0,0,0,0,0,0,0,0,0,0,0,0,0,0,0,0,0,0,0,0,0,0,0,0,0,0,0,0,0,0,0,0,0,0,0,0,0,0,0,0
"Yars",0,0,0,0,0,0.127476410344287,0,0,0,0,0,0,0,0,0,0,0,0,0,0,0,0,0,0,0,0,0,0,0,0,0,0,0,0,0,0,0,0,0,0,0,0,0,0,0,0,0,0,0,0,0,0,0,0,0,0,0,0,0
"Jag2",0,0,0,0,0,0,0,0,0,0,0,0,0,0,0,0.203729482975595,0.0990476325538896,0,0,0,0,0,0,0,0,0,0,0,0,0,0,0,0,0,0,0,0,0,0,0,0,0,0,0,0,0,0,0,0,0,0,0,0,0,0,0,0.447642360540418,0,0
"Manf",0,0,0,0,0,0,0,0,0,0,0,0,0,0,0,0,0.0990476325538896,0,0,0,0,0,0,0,0,0,0,0,0,0,0,0,0,0,0,0,0,0,0,0,0,0,0,0,0,0,0,0,0,0,0,0,0,0,0,0,0,0,0
"Nenf",0,0,0,0,0,0,0,0,0,0,0,0,0,0,0,0,0.0990476325538896,0,0,0,0,0,0,0,0,0,0,0,0,0,0,0,0,0,0,0,0,0,0,0,0,0,0,0,0,0,0,0,0,0,0,0,0,0,0,0,0,0,0
"Dsg2",0,0,0,0,0,0,0,0,0,0,0,0,0,0,0.192811885455297,0.121876591699193,0.160410266983492,0.190344572617572,0.287513126392901,0.433876024535178,0,0,0,0,0,0,0,0,0,0,0,0,0,0,0,0,0,0,0,0,0,0,0,0,0,0,0,0,0,0,0,0,0,0,0,0,0,0,0
"Pcdh7",0,0,0,0,0,0,0,0,0,0,0,0,0,0,0,0,0.160410266983492,0,0.287513126392901,0.433876024535178,0,0,0,0,0,0,0,0,0,0,0,0,0,0,0,0,0,0,0,0,0,0,0,0,0,0,0,0,0,0,0,0,0,0,0,0,0,0,0
"Celsr1",0,0,0,0,0,0,0,0,0,0,0,0,0,0,0,0,0,0,0,0.331812761149121,0,0,0,0,0,0,0,0,0,0,0,0,0,0,0,0,0,0,0,0,0,0,0,0,0,0,0,0,0,0,0,0,0,0,0,0,0,0,0
"Wnt5a",0,0,0,0,0,0,0,0,0,0,0,0,0.294809293858049,0.1338021143551,0,0,0,0,0,0.310345610183259,0,0,0,0,0,0,0,0,0,0,0,0,0,0,0,0,0,0,0,0,0,0,0,0,0,0,0,0,0,0,0,0,0,0,0,0,0,0,0
"Aimp1",0,0,0,0,0,0,0,0,0,0,0,0,0,0,0,0,0,0,0,0,0,0,0,0,0,0,0,0,0,0,0,0,0,0,0,0,0,0,0,0,0,0,0.0742070699219637,0,0,0,0,0,0.11057176403559,0,0,0,0,0,0,0,0,0,0
"Igf1",0,0,0,0,0,0,0,0,0,0,0,0,0,0,0,0,0,0,0,0,0,0,0,0,0,0,0.831915644489336,0,0,0,0,0,0,0,0,0,0,0,0,0,0,0,0.223158605958851,0,0,0,0,0,0,0,0,0,0,0,0,0,0,0,0
"Ptprf",0,0,0,0,0,0,0,0,0,0,0,0,0,0,0,0,0,0,0,0.14180455506854,0,0,0,0,0,0,0,0,0,0,0,0,0,0.260441779516884,0,0,0,0,0,0,0,0.12295207530075,0.120180317200094,0,0,0,0,0,0,0,0,0,0,0,0,0,0,0,0
"Ptn",0,0,0,0,0,0,0,0,0,0,0,0,0,0,0,0,0,0,0,0,0,0,0,0,0,0,0,0,0,0,0,0,0,0,0,0,0,0,0,0,0.148168581886333,0,0.156101134643496,0,0,0,0,0,0,0,0,0,0,0,0,0,0,0,0
"Ptprm",0,0,0,0,0,0,0,0,0,0,0,0,0,0,0,0,0,0,0,0,0,0,0,0,0,0,0,0,0,0,0,0,0,0,0,0,0,0,0,0,0.326974195940664,0.404202850108732,0.202074381921627,0,0,0,0,0,0,0,0,0,0,0,0,0,0,0,0
"Calm1",0,0,0,0,0,0.162086214185983,0,0,0,0,0,0,0,0,0,0,0,0,0,0,0,0,0.286159054193741,0.359634844152914,0.775038456131701,0,0,0,0,0,0,0,0,0,0,0,0,0,0,0,0,0,0,0,0,0,0,0,0,0,0,0,0,0,0,0,0,0,0
"Arf1",0,0,0,0,0,0,0,0,0,0,0,0,0,0,0,0,0,0,0,0,0,0,0,0.165787332845869,0,0,0,0,0,0,0,0,0,0,0,0,0,0,0,0,0,0,0,0,0,0,0,0,0,0,0,0,0,0,0,0,0,0,0
"Calm2",0,0,0,0,0,0,0,0,0,0,0,0,0,0,0,0,0,0,0,0,0,0,0,0.0458417051574741,0.449074526515307,0,0,0,0,0,0,0,0,0,0,0,0,0,0,0,0,0,0,0,0,0,0,0,0,0,0,0,0,0,0,0,0,0,0
"Cdh5",0,0,0,0,0,0,0,0,0,0,0,0,0,0,0,0,0,0,0,0,0,0,0,0,0,0,0,0,0,0,0,0,0,0.111717301472958,0,0,0,0,0,0,0,0,0,0,0,0,0,0,0,0,0,0,0,0,0,0,0,0,0
"F11r",0,0,0,0,0,0,0,0,0,0,0,0,0,0,0,0,0,0,0,0,0,0,0,0,0,0,0,0,0,0.36967447252651,0,0,0,0.148904140717913,0,0,0,0,0,0,0,0,0,0,0,0,0,0,0,0,0,0,0,0,0,0,0,0,0
"Inhba",0,0,0,0,0,0,0,0,0,0,0,0,0,0,0,0,0,0,0,0,0,0,0,0,0,0,0,0,0,0,0,0,0,0,0.221974098730404,0,0,0,0,0,0,0,0,0,0,0,0,0,0,0,0,0,0,0,0,0,0,0,0
"Tgfb2",0,0,0,0,0,0,0,0,0,0,0,0,0,0,0,0,0,0,0,0,0,0,0,0,0,0,0,0,0,0,0,0,0,0.660688731698517,0.851029970167089,0,0,0,0,0,0,0,0,0,0,0,0,0,0,0,0,0,0,0,0,0,0,0,0
"App",0,0,0,0,0,0,0,0,0,0,0,0,0,0,0,0,0,0,0,0,0.13525686895266,0.240689142228881,0,0,0.48822138931653,0,0.384483165441688,0,0,0,0,0,0,0.441123409872093,0,0,0,0,0,0,0,0,0,0,0,0.511968726300922,0.252811053711385,0,0,0,0,0,0,0,0,0,0,0,0
"Anxa1",0,0,0,0,0,0,0,0,0,0,0,0,0,0,0,0,0,0.202553313069005,0.305320581126258,0,0.236673256810363,0.215606569167177,0,0,0,0,0,0,0,0,0,0,0,0,0,0,0,0,0,0,0,0,0,0,0,0,0,0,0,0,0,0,0,0,0,0,0,0,0
"Edn1",0,0,0,0,0,0,0,0,0,0,0,0,0,0,0,0,0,0,0,0,0.558372303083979,0.709822367245585,0,0,0,0,0,0,0,0,0,0,0,0,0,0,0,0,0,0,0,0,0,0,0,0,0,0,0,0,0,0,0,0,0,0,0,0,0
"Gmfb",0,0,0,0,0,0,0,0,0,0,0,0,0,0,0,0,0,0,0,0,0,0,0,0,0,0.10564052043099,0,0,0,0,0,0,0,0,0,0,0,0,0,0,0,0,0,0,0,0,0,0,0,0,0,0,0,0,0,0,0,0,0
"Nampt",0,0,0,0,0,0,0,0,0,0,0,0,0,0,0,0,0,0,0,0,0,0,0,0,0,0.136650637179898,0.422350320898565,0,0,0,0,0,0,0,0,0,0,0,0,0,0,0,0,0,0,0,0,0,0,0,0,0,0,0,0,0,0,0,0
"Cmtm6",0,0,0,0,0,0,0,0,0,0.299769100370634,0,0,0,0,0,0,0,0,0,0,0,0,0,0,0,0,0,0,0,0,0,0,0,0,0,0,0,0,0,0,0,0,0,0,0,0,0,0,0,0,0,0,0,0,0,0,0,0,0
"Lgals3",0,0.389762463748047,0,0,0,0,0,0,0,0.299769100370634,0.341280880436125,0.547610032751441,0,0,0,0,0,0,0,0,0,0,0,0,0,0,0,0,0.160983780739952,0,0,0,0,0.122725096059797,0,0,0,0,0,0,0,0,0,0,0,0,0,0,0,0,0,0,0,0,0,0,0,0,0
"Pcdh1",0,0,0,0,0,0,0,0,0,0,0,0,0,0,0,0,0,0,0,0,0,0,0,0,0,0,0,0,0,0,0,0,0,0,0,0,0,0,0,0,0,0,0,0,0,0,0,0,0,0,0,0,0.224430445841333,0,0,0,0,0,0
"Nptn",0,0,0,0,0,0,0,0,0,0,0,0,0,0,0,0,0,0,0,0,0,0,0,0,0,0,0,0,0,0,0,0,0,0,0,0,0,0,0,0,0,0,0,0,0,0,0,0,0,0,0,0.374545886234433,0,0,0,0,0,0,0
"Mapt",0,0,0,0,0,0,0,0,0,0,0,0,0,0,0,0,0,0,0,0,0,0,0,0,0,0,0,0,0,0,0,0,0,0,0,0,0,0,0,0,0,0,0,0,0,0,0,0,0,0,0,0,0,0.0193483307384874,0,0,0,0,0
"Hmgb2",0,0,0,0,0,0,0,0,0,0,0,0,0,0,0.119054479128598,0,0,0,0,0,0,0,0,0,0,0,0,0,0,0,0,0,0,0,0,0,0,0,0,0,0,0,0,0,0,0,0,0,0,0,0,0,0,0,0,0,0,0,0
"Grn",0,0,0,0,0,0,0,0,0,0,0,0,0,0,0,0,0,0,0,0,0,0,0.270708918618151,0,0,0,0,0,0,0,0,0,0,0,0,0,0,0,0,0,0,0,0,0,0,0,0,0,0,0,0,0,0,0,0,0,0,0,0
"F7",0,0,0,0,0,0,0,0,0,0,0,0,0,0,0,0,0,0,0,0,0,0,0,0,0,0,0,0,0,0,0,0,0,0,0,0,0,0,0,0,0,0,0,0.0334412438669177,0,0,0,0,0,0,0,0,0,0,0,0,0,0,0
"Areg",0,0,0,0,0,0,0,0,0,0,0,0,0,0,0,0,0,0,0,0,0,0,0,0,0,0,0,0,0,0,0,0,0,0,0,0,0,0,0,0,0,0,0,0,0,0,0,0,0,0,0.132939801513305,0,0,0,0,0,0,0,0
"Crlf1",0,0,0,0,0,0,0,0,0,0,0,0,0,0,0,0,0,0,0,0,0,0,0,0,0,0,0,0,0,0,0,0,0,0,0,0,0,0,0,0,0,0,0,0,0,0,0,0,0,0.155352934654906,0,0,0,0,0,0,0,0,0
