"","Itpr1","Pcdh7","Ddr2","Lrp10","Anxa6","Cul5","Rrbp1","Amfr","Atp5b","Nrp1","Glg1","Sdc4","Bmpr1a","Ednrb","Tnfrsf12a","Scarb2","S1pr3","Ptprs","Pkd1","Osmr","Nptn","Gria1","Ghr","Gabra3","F3","Calm1","Clstn1","Itga8","Itga1","Itgb1","Mylk","Axl","Rpsa"
"Dusp18",0,0,0,0,0,0,0,0,0,0,0,0,0,0,0,0,0,0,0,0,0,0,0,0,0,0,0,0,0.0264377407495297,0.0218358495907046,0,0,0.0161365689282064
"Vcam1",0,0,0,0,0,0,0,0,0,0,0,0,0,0,0,0,0,0,0,0,0,0,0,0,0,0,0,0,0,0.471078651730058,0,0,0.0995665826262429
"Lama2",0,0,0,0,0,0,0,0,0,0,0,0,0,0,0,0,0,0,0,0,0,0,0,0,0,0,0,0,0,0.124822975832743,0,0,0.0161365689282064
"Lamb2",0,0,0,0,0,0,0,0,0,0,0,0,0,0,0,0,0,0,0,0,0,0,0,0,0,0,0,0,0,0.206282774030582,0,0,0.0942608801914102
"Calm1",0,0,0,0,0,0,0,0,0,0,0,0,0,0,0,0,0,0,0,0,0,0,0,0,0,0,0,0,0,0,0.359634844152914,0,0.162086214185983
"Itga4",0,0,0,0,0,0,0,0,0,0,0,0,0,0,0,0,0,0,0,0,0,0,0,0,0,0,0,0,0,0,0,0,0.0995665826262429
"Rps19",0,0,0,0,0,0,0,0,0,0,0,0,0,0,0,0,0,0,0,0,0,0,0,0,0,0,0,0,0,0,0,0,0.211404329570513
"Itgb1",0,0,0,0,0,0,0,0,0,0,0,0,0,0,0,0,0,0,0,0,0,0,0,0,0,0,0,0.0242793729773577,0.0191046837392178,0,0,0,0
"Col1a1",0,0,0.0373982870766781,0,0,0,0,0,0,0,0,0,0,0,0,0,0,0,0,0,0,0,0,0,0,0,0,0,0.146469335307509,0.501195220221716,0,0,0
"Sema7a",0,0,0,0,0,0,0,0,0,0,0,0,0,0,0,0,0,0,0,0,0,0,0,0,0,0,0,0,0.244765300528363,0.206282774030582,0,0,0
"Col4a1",0,0,0,0,0,0,0,0,0,0,0,0,0,0,0,0,0,0,0,0,0,0,0,0,0,0,0,0,0.151129337145447,0.124822975832743,0,0,0
"Lamb1",0,0,0,0,0,0,0,0,0,0,0,0,0,0,0,0,0,0,0,0,0,0,0,0,0,0,0,0,0.244765300528363,0.124822975832743,0,0,0
"Ptprm",0,0,0,0,0,0,0,0,0,0,0,0,0,0,0,0,0,0.326974195940664,0,0,0,0,0,0,0,0,0,0,0,0,0,0,0
"Agrn",0,0,0,0,0,0,0,0,0,0,0,0,0,0,0,0,0,0.459981161825488,0,0,0,0,0,0,0,0,0,0,0,0.206282774030582,0,0,0
"Hspg2",0,0,0,0,0,0,0,0,0,0,0,0,0,0,0,0,0,0.232399123086234,0,0,0,0,0,0,0,0,0,0,0,0.103295647788543,0,0,0
"Fn1",0,0,0,0,0,0,0,0,0,0,0,0,0,0,0,0,0,0,0,0,0,0,0,0,0,0,0,0.175693105238792,0,0.433977464142074,0,0,0.161194146517752
"Tnc",0,0,0,0,0,0,0,0,0,0,0,0,0,0,0,0,0,0,0,0,0,0,0,0,0,0,0,0.300559972456547,0,0.240961163066389,0,0,0
"Npnt",0,0,0,0,0,0,0,0,0,0,0,0,0,0,0,0,0,0,0,0,0,0,0,0,0,0,0,0.175693105238792,0,0.142809967830446,0,0,0
"Spp1",0,0,0,0,0,0,0,0,0,0,0,0,0,0,0,0,0,0,0,0,0,0,0,0,0,0,0,0.311062360652638,0,0.0923475211196466,0,0,0
"Thbs1",0,0,0,0,0,0,0,0,0,0,0,0,0,0,0,0,0,0,0,0,0,0,0,0,0,0,0,0,0,0.215658962029843,0,0,0
"Reln",0,0,0,0,0,0,0,0,0,0,0,0,0,0,0,0,0,0,0,0,0,0,0,0,0,0,0,0,0,0.321614149900774,0,0,0
"Mmp9",0,0,0,0,0,0,0,0,0,0,0,0,0,0,0,0,0,0,0,0,0,0,0,0,0,0,0,0,0,0.401681940026392,0,0,0
"Ltb",0,0,0,0,0,0,0,0,0,0,0,0,0,0,0,0,0,0,0,0,0,0,0,0,0,0,0,0,0,0.103295647788543,0,0,0
"Lamc2",0,0,0,0,0,0,0,0,0,0,0,0,0,0,0,0,0,0,0,0,0,0,0,0,0,0,0,0,0,0.124822975832743,0,0,0
"Jam2",0,0,0,0,0,0,0,0,0,0,0,0,0,0,0,0,0,0,0,0,0,0,0,0,0,0,0,0,0,0.177918065691644,0,0,0
"Col18a1",0,0,0,0,0,0,0,0,0,0,0,0,0,0,0,0,0,0,0,0,0,0,0,0,0,0,0,0,0,0.0885726481273005,0,0,0
"Adam15",0,0,0,0,0,0,0,0,0,0,0,0,0,0,0,0,0,0,0,0,0,0,0,0,0,0,0,0,0,0.0960889624155033,0,0,0
"Angpt2",0,0,0,0,0,0,0,0,0,0,0,0,0,0,0,0,0,0,0,0,0,0,0,0,0,0,0,0,0,0.223456102641836,0,0,0
"Fbn1",0,0,0,0,0,0,0,0,0,0,0,0,0,0,0,0,0,0,0,0,0,0,0,0,0,0,0.400739617905946,0,0,0.193718678148794,0,0,0
"Lgals3",0,0,0,0,0,0,0,0,0,0,0,0,0,0,0,0,0,0,0,0,0.547610032751441,0,0,0,0,0,0,0,0,0.389762463748047,0,0,0
"Vegfc",0,0,0,0,0,0,0,0,0,0.446293343780428,0,0,0,0,0,0,0,0,0,0,0,0,0,0,0,0,0,0,0,0,0,0,0
"Sema3f",0,0,0,0,0,0,0,0,0,0.148817687430665,0,0,0,0,0,0,0,0,0,0,0,0,0,0,0,0,0,0,0,0,0,0,0
"Sema3c",0,0,0,0,0,0,0,0,0,0.640756172872826,0,0,0,0,0,0,0,0,0,0,0,0,0,0,0,0,0,0,0,0,0,0,0
"Sema3a",0,0,0,0,0,0,0,0,0,0.560665593706596,0,0,0,0,0,0,0,0,0,0,0,0,0,0,0,0,0,0,0,0,0,0,0
"Pgf",0,0,0,0,0,0,0,0,0,0.481748384810589,0,0,0,0,0,0,0,0,0,0,0,0,0,0,0,0,0,0,0,0,0,0,0
"Pdgfb",0,0,0,0,0,0,0,0,0,0.693680940404948,0,0,0,0,0,0,0,0,0,0,0,0,0,0,0,0,0,0,0,0,0,0,0
"Hgf",0,0,0,0,0,0,0,0,0,0.581836355238978,0,0,0,0,0,0,0,0,0,0,0,0,0,0,0,0,0,0,0,0,0,0,0
"Icam2",0,0,0,0,0,0,0,0,0,0.298059201053849,0,0,0,0,0,0,0,0,0,0,0,0,0,0,0,0,0,0,0,0,0,0,0
"Penk",0,0,0,0,0,0,0,0,0,0,0,0,0,0,0,0,0.136290500562026,0,0,0,0,0,0,0,0,0,0,0,0,0,0,0,0
"Hc",0,0,0,0,0,0,0,0,0,0,0,0,0,0,0,0,0.136290500562026,0,0,0,0,0,0,0,0,0,0,0,0,0,0,0,0
"Cxcl2",0,0,0,0,0,0,0,0,0,0,0,0,0,0,0,0,0.136290500562026,0,0,0,0,0,0,0,0,0,0,0,0,0,0,0,0
"Cxcl12",0,0,0,0,0,0,0,0,0,0,0,0,0,0,0,0,0.136290500562026,0,0,0,0,0,0,0,0,0,0,0,0,0,0,0,0
"Cxcl16",0,0,0,0,0,0,0,0,0,0,0,0,0,0,0,0,0.136290500562026,0,0,0,0,0,0,0,0,0,0,0,0,0,0,0,0
"Hsp90b1",0,0,0,0,0,0,0,0.331750786878528,0,0,0,0,0.202553313069005,0,0,0,0,0,0,0,0,0,0,0,0,0,0,0,0,0.176622449563947,0,0,0
"Sfrp2",0,0,0,0,0,0,0,0,0,0,0,0,0.256035038673025,0,0,0,0,0,0,0,0,0,0,0,0,0,0,0,0,0,0,0,0
"Bmp6",0,0,0,0,0,0,0,0,0,0,0,0,0.0256401595334149,0,0,0,0,0,0,0,0,0,0,0,0,0,0,0,0,0,0,0,0
"Bmp5",0,0,0,0,0,0,0,0,0,0,0,0,0.0256401595334149,0,0,0,0,0,0,0,0,0,0,0,0,0,0,0,0,0,0,0,0
"Bmp3",0,0,0,0,0,0,0,0,0,0,0,0,0.059254171848763,0,0,0,0,0,0,0,0,0,0,0,0,0,0,0,0,0,0,0,0
"Bmp4",0,0,0,0,0,0,0,0,0,0,0,0,0.0256401595334149,0,0,0,0,0,0,0,0,0,0,0,0,0,0,0,0,0,0,0,0
"Fgf1",0,0,0,0,0,0,0,0,0,0.148817687430665,0,0.240017618338431,0,0,0,0,0,0,0,0,0,0,0,0,0,0,0,0,0,0,0,0,0
"Fgf2",0,0,0,0,0,0,0,0,0,0.148817687430665,0.306495006314527,0.321994839521182,0,0,0,0,0,0,0,0,0,0,0,0,0,0,0,0,0,0,0,0,0
"Tgfb3",0,0,0,0,0,0,0,0,0,0,0,0.303450384357818,0,0,0,0,0,0,0,0,0,0,0,0,0,0,0,0,0,0.206282774030582,0,0,0
"Apoe",0,0,0,0,0,0,0,0,0,0,0,0.210881047368993,0,0,0,0,0,0,0,0,0,0,0,0,0,0,0,0,0,0,0,0,0
"Pecam1",0,0,0,0,0,0,0,0,0,0,0,0.178098082222914,0,0,0,0,0,0,0,0,0,0,0,0,0,0,0,0,0,0,0,0,0
"Calr",0,0,0,0,0,0,0,0,0,0,0,0,0,0,0,0,0,0,0,0,0,0,0,0,0,0,0,0,0,0,0.18456192444073,0,0
"Arf1",0,0,0,0,0,0,0,0,0,0,0,0,0,0,0,0,0,0,0,0,0,0,0,0,0,0,0,0,0,0,0.165787332845869,0,0
"Calm2",0,0,0,0,0,0,0,0,0,0,0,0,0,0,0,0,0,0,0,0,0,0,0,0,0,0,0,0,0,0,0.0458417051574741,0,0
"Vegfa",0,0,0,0,0,0,0,0,0,0.579111625391905,0,0,0,0,0,0,0,0,0,0,0,0,0,0,0,0,0,0,0,0,0,0.586438808986029,0
"Gas6",0,0,0,0,0,0,0,0,0,0,0,0,0,0,0,0,0,0,0,0,0,0,0,0,0,0,0,0,0,0,0,1.04100463036071,0
"Pros1",0,0,0,0,0,0,0,0,0,0,0,0,0,0,0,0,0,0,0,0,0,0,0,0,0,0,0,0,0,0,0,0.613751700868118,0.216274304565458
"Aimp1",0,0,0,0,0,0.0842613245102126,0.11057176403559,0,0,0,0,0,0,0,0,0,0,0,0,0,0,0,0,0,0,0,0,0,0,0,0,0,0
"Gmfb",0,0,0,0,0.10564052043099,0,0,0,0,0,0,0,0,0,0,0,0,0,0,0,0,0,0,0,0,0,0,0,0,0,0,0,0
"Nampt",0,0,0,0,0.136650637179898,0.168603502331089,0,0,0,0,0,0,0,0,0,0,0,0,0,0,0,0,0,0,0,0,0,0,0,0,0,0,0
"Gpi1",0,0,0,0,0,0,0,0.578282452260808,0.0831994139349206,0,0,0,0,0,0,0,0,0,0,0,0,0,0,0,0,0,0,0,0,0,0,0,0
"Pkd1",0,0,0,0,0,0,0,0,0.137781251203572,0,0,0,0,0,0,0,0,0,0,0,0,0,0,0,0,0,0,0,0,0,0,0,0
"Adam17",0,0,0,0,0,0,0,0,0,0,0,0,0,0,0,0,0,0,0,0,0,0,0.470600039451137,0,0,0,0,0,0,0.215323106219401,0,0,0
"Ptprc",0,0,0,0,0,0,0,0,0,0,0,0,0,0,0,0,0,0,0,0,0,0,0.405489767532237,0,0,0,0,0,0,0,0,0,0
"Wnt5a",0,0,0,0,0,0,0,0,0,0,0,0,0,0,0,0.1338021143551,0,0,0,0,0,0,0,0,0,0,0,0,0,0,0,0,0
"Osm",0,0,0,0,0,0,0,0,0,0,0,0,0,0,0,0,0,0,0,0.759289350533282,0,0,0,0,0,0,0,0,0,0,0,0,0
"Nptn",0,0,0,0,0,0,0,0,0,0,0,0,0,0,0,0,0,0,0,0,0,0,0,0.374545886234433,0,0,0,0,0,0,0,0,0
"Nectin2",0,0,0,0,0,0,0,0,0,0,0,0,0,0,0.191739594460118,0,0,0,0,0,0,0,0,0,0,0,0,0,0,0,0,0,0
"Mapt",0,0,0,0,0,0,0,0,0,0,0,0,0,0,0,0,0,0,0,0,0,0,0,0,0,0.0193483307384874,0,0,0,0,0,0,0
"Hmgb2",0.119054479128598,0,0,0,0,0,0,0,0,0,0,0,0,0,0,0,0,0,0,0,0,0,0,0,0,0,0,0,0,0,0,0,0
"Areg",0,0,0,0,0,0,0,0,0,0,0,0,0,0,0,0,0,0,0,0,0,0.132939801513305,0,0,0,0,0,0,0,0,0,0,0
"F7",0,0,0,0,0,0,0,0,0,0,0,0,0,0,0,0,0,0,0,0,0,0,0,0,0.0334412438669177,0,0,0,0,0,0,0,0
"App",0,0,0,0,0,0,0,0,0,0,0,0,0,0.240689142228881,0,0,0,0,0,0,0,0,0,0,0,0,0,0,0,0,0,0,0
"Edn1",0,0,0,0,0,0,0,0,0,0,0,0,0,0.709822367245585,0,0,0,0,0,0,0,0,0,0,0,0,0,0,0,0,0,0,0
"Cdh1",0,0,0.230756591247301,0,0,0,0,0,0,0,0,0,0,0,0,0,0,0,0.635170243331014,0,0,0,0,0,0,0,0,0,0,0,0,0,0
"Fgf7",0,0,0,0,0,0,0,0,0,0.148817687430665,0,0,0,0,0,0,0,0,0.2911276527612,0,0,0,0,0,0,0,0,0,0,0,0,0,0
"Anxa1",0,0,0.305320581126258,0,0,0,0,0,0,0,0,0,0.202553313069005,0.215606569167177,0,0,0,0,0,0,0,0,0,0,0,0,0,0,0,0,0,0,0
"Dsg2",0.192811885455297,0.121876591699193,0.287513126392901,0.317742647979802,0,0,0,0,0,0,0,0,0.190344572617572,0,0,0,0,0,0,0,0,0,0,0,0,0,0,0,0,0,0,0,0
"Pcdh7",0,0,0.287513126392901,0.317742647979802,0,0,0,0,0,0,0,0,0,0,0,0,0,0,0,0,0,0,0,0,0,0,0,0,0,0,0,0,0
