"Ahnak" "Anxa2" "Bax" "Bcl2l1" "Ccnd1" "Cd55" "Cdkn1a" "Clu" "Cox5a" "Ctnna1" "Epha2" "Gadd45b" "Gja1" "Hes1" "Hif1a" "Icam1" "Itgav" "Lmna" "Mcl1" "Msn" "Nme1" "Pdpn" "Psmc6" "Sparc" "Timp2" "Tnfrsf12a" "Trib1" "Ubc" "Vegfa" "Ager" "Calr" "Cdkn2b" "Col4a1" "Cryab" "Itgb1" "Itgb6" "Klf6" "Krt18" "Mdm2" "Pdgfa" "Tjp1" "Tpm4" "Vdac1" "Actb" "Capn2" "Clic1" "Gapdh" "Gsn" "Krt8" "Nfe2l2" "Pfn1" "S100a10" "Sema3b" "Ece1" "Myh9" "Ndst1" "Ceacam1" "Khdrbs1" "Lpp" "Timp3" "Aldoa" "Lama5" "Lcn2" "Slc3a2" "Abcc5" "Akr1b8" "Sqstm1" "Areg" "Eif5a" "Tgfb2" "Anxa7" "Pdia3" "Mif" "Atf4" "Crlf1" "F3" "Pa2g4" "Ptgr1" "Rac1" "Gramd2" "Il18r1" "Cd9" "Actr1a" "Rhoa" "Elob" "Cgn" "Crip2" "Fam174b" "Krt19" "Pard6b"
"Lrpap1" 0.00121734734781219 0 0 0.00117305108037101 0.00136080936965118 0 0.00157956256806241 0 0 0 0.00131570357430475 0.00130179882185781 0 0.0013292398841462 0 0 0 0.0012804303933304 0 0 0 0 0 0 0 0 0 0.00149484761016432 0.00118729708905031 0 0 0 0 0 0 0 0 0 0 0 0 0 0 0.00119368533438377 0 0.00127754871955826 0 0 0.00115029101068653 0 0.00113528030734008 0 0 0 0.00115876483452608 0 0 0 0 0 0 0 0 0 0 0 0 0 0 0 0 0 0 0 0 0 0 0 0 0 0 0 0 0 0 0 0 0 0 0
"Bdnf" 0.00155366749472203 0.00117531036815031 0 0.00158194035862882 0.00268462321469645 0 0.00285191567093599 0 0 0 0.00173527647161518 0.00169133349052138 0.00114757751225025 0.00288580128206272 0.00222604616587564 0.00136090264917081 0 0.00164804253843356 0.00134580829674567 0 0 0 0 0 0 0.00124289731648549 0.00163372873984221 0.00181288091522283 0.00253342430504514 0 0 0 0 0 0 0 0.00142393755984393 0 0.00123683474051476 0 0 0.00114250973154286 0 0.001433808953727 0.00134430225479386 0.00142364959265521 0.00128249222617003 0.00136240765392449 0.00152023556767394 0.00137317521747581 0.00126105317220516 0.00128923132089209 0.00129354982081206 0.00123832634728582 0.00132575798109207 0.00122498262913035 0 0 0.00116645188614463 0 0.00115469653591547 0.00129018725259228 0 0.00117301261167958 0 0 0 0 0.00122492354180813 0 0 0 0 0 0 0 0 0 0 0 0 0 0 0 0 0 0.00116886044359355 0 0 0.00128743476379201
"Celsr1" 0.00132263678956048 0 0 0 0.00149495818758604 0 0.00158334674085987 0 0 0 0.00124915640199434 0.00134557995457139 0 0.00155665617237959 0 0 0 0 0 0 0 0 0 0 0 0 0 0.00122521541913594 0.00147192222626808 0 0 0 0 0 0 0 0 0.00126232495498836 0.00118859449428954 0 0 0 0 0.00116897170075957 0 0 0 0.00115239049214407 0.00139335143617033 0 0 0 0.00145797076034723 0.00113264251114815 0.00113894929144281 0.00124281180676815 0 0 0 0 0 0.0012184224743193 0 0 0 0 0 0 0 0 0 0 0 0 0 0 0 0 0 0 0 0 0 0 0 0 0.00115520027341978 0.0012420401305583 0.0013899020705524 0.00114716262486224
"Aimp1" 0 0 0 0 0.00119945942285115 0 0.00138978309478463 0 0 0 0 0 0 0 0 0.00184033222145903 0 0.00112974921564656 0 0 0 0 0 0 0 0 0.00115500085767825 0.00127460217063012 0 0 0 0 0 0 0 0 0 0 0 0 0 0 0 0 0 0 0 0 0 0.00221087309602349 0 0 0 0 0 0 0 0 0 0 0 0 0 0 0 0 0 0 0 0 0 0 0 0 0 0 0 0 0 0 0 0 0 0 0 0 0 0 0 0
"Plxnb2" 0 0 0 0 0.00121401005760754 0 0.0012145878433982 0 0 0 0 0 0 0 0 0 0 0 0 0 0 0 0 0 0 0 0 0 0.00114940431200135 0 0 0 0 0 0 0 0 0 0 0 0 0 0 0 0 0 0 0 0 0 0 0 0 0 0 0 0 0 0 0 0 0 0 0 0 0 0 0 0 0 0 0 0 0 0 0 0 0 0 0 0 0 0 0 0 0 0 0 0 0
"Pf4" 0 0 0 0 0.00125339148707614 0 0.0011988647909831 0 0 0 0 0 0 0 0 0.00186589974392343 0 0 0 0 0 0 0 0 0 0 0 0 0 0 0 0 0 0 0 0 0 0 0 0 0 0 0 0 0 0 0 0 0 0 0 0 0 0 0 0 0 0 0 0 0 0 0 0 0 0 0 0 0 0 0 0 0 0 0 0 0 0 0 0 0 0 0 0 0 0 0 0 0 0
"Itgb1" 0 0 0 0 0.00141891009476632 0 0.0023583641063619 0 0 0 0.00115787128547419 0.00116470592654962 0 0.00120377757256709 0 0 0 0.00115612719647975 0 0 0 0 0 0 0 0 0 0.00121013500268273 0.00123606154350047 0 0 0 0 0 0 0 0 0 0 0 0 0 0 0 0 0 0 0 0 0 0 0 0 0 0 0 0 0 0 0 0 0 0 0 0 0 0 0 0 0 0 0 0 0 0 0 0 0 0 0 0 0 0 0 0 0 0 0 0 0
"Fgf18" 0 0 0 0.00140298012164859 0.00165707195244785 0 0.00159098731198391 0 0 0 0.001183489158355 0.00118793999804453 0 0.00123341347444568 0 0.00126192246432492 0 0.0011555619648916 0 0 0 0 0 0 0 0 0 0.00128883173564476 0.00205714835056457 0 0 0 0 0 0 0 0 0 0 0 0 0 0 0 0 0 0 0 0 0 0 0 0 0 0 0 0 0 0 0 0 0 0 0 0 0 0 0 0 0 0 0 0 0 0 0 0 0 0 0 0 0 0 0 0 0 0 0 0 0
"Reln" 0 0 0 0.00125473874020808 0.00149901916703179 0 0.00162542581271636 0 0 0 0.00122866903968304 0.00116087318258067 0 0.0011563395483281 0 0 0 0.00113357712659527 0 0 0 0 0 0 0 0 0 0.00123748590633909 0.00119076046614675 0 0 0 0 0 0 0 0 0 0 0 0 0 0 0 0 0 0 0 0 0 0 0 0 0 0 0 0 0 0 0 0 0 0 0 0 0 0 0 0 0 0 0 0 0 0 0 0 0 0 0 0 0 0 0 0 0 0 0 0 0
"Itgb2" 0.00117271468946991 0 0 0.00123962524960061 0.00150891297300802 0 0.00167196176542722 0 0 0 0.00128251529228418 0.00127059140788063 0 0.00134133855289733 0 0.00121034151745122 0 0.00122606362947247 0 0 0 0 0 0 0 0 0.00119325759730001 0.00128002965240362 0.00133742872972063 0 0 0 0 0 0 0 0 0 0 0 0 0 0 0 0 0 0 0 0 0 0 0 0 0 0 0 0 0 0 0 0 0 0 0 0 0 0 0 0 0 0 0 0 0 0 0 0 0 0 0 0 0 0 0 0 0 0 0 0 0
"Sema5a" 0 0 0 0 0.00123229623941838 0 0.00138821599248424 0 0 0 0 0 0 0 0 0 0 0 0 0 0 0 0 0 0 0 0 0 0.00114623273393842 0 0 0 0 0 0 0 0 0 0 0 0 0 0 0 0 0 0 0 0 0 0 0 0 0 0 0 0 0 0 0 0 0 0 0 0 0 0 0 0 0 0 0 0 0 0 0 0 0 0 0 0 0 0 0 0.00141332004099068 0 0 0 0 0
"Vegfc" 0.00135335614719117 0.00112947633191606 0 0.00159676431311203 0.00172697721905583 0 0.00175765021772766 0 0 0 0.00148951299253066 0.00161415845904594 0 0.00145138560666509 0.00141610094117883 0.00122606414886062 0 0.00138651172409576 0.00124175228768125 0.00220931165320014 0 0 0 0 0 0 0.00130755120474954 0.00140809995522868 0.00168723077522515 0 0 0 0 0 0 0 0.00128636816568636 0 0 0 0 0 0 0.00138739237908813 0.00113447420614345 0.00118427352499106 0.00119106203952406 0.00123394273481675 0.00129533641966233 0.00136454442320304 0 0.00122723251155306 0.00142464129802751 0.00124585803450023 0.00119533008351952 0.0011991438195346 0 0 0 0 0 0.00127902104644851 0 0 0 0 0 0 0 0 0 0 0 0 0 0 0 0 0 0 0 0 0 0.00204747889804712 0 0 0 0 0 0.00114716380084383
"Pgf" 0.00152197987412888 0.0011951632580276 0.00145697604379791 0.00178065892880976 0.00206311573471318 0 0.00218818771600824 0 0 0 0.00154917481853526 0.00188013051897822 0 0.00180066436749861 0.00268630549914874 0.00179753890769374 0 0.00160038242317859 0.00147920924131826 0 0 0 0 0 0 0.00121742381247097 0.0016884356686671 0.00193573683011864 0.00296626976596113 0.00120711903435626 0 0 0 0 0 0 0.00152714131970703 0 0.00138323208470499 0 0 0 0 0.00158456810076445 0.00117152058720136 0.00135654474903529 0.00169384392973226 0.00137849799309404 0.00131848282176706 0.00158241931179821 0.00126203699620948 0.00137014869170567 0.00130862951305746 0.0012852896684216 0.00137792234125744 0.00120926304340273 0 0 0.00122051999817778 0 0.00134512398909773 0.00128375732887628 0 0.00120836607605814 0 0 0.00137110048119647 0 0.00127514512055219 0.00123442754740235 0 0 0 0.00115042754903117 0 0.00128786388324901 0 0 0 0 0 0.00116582272005088 0 0 0 0 0 0 0.00122014017903533 0.00125957568257308
"Fgf2" 0.0015332934058518 0.00238775461227508 0.00378760245227831 0.00268257746042941 0.00486015034403085 0 0.00301269652847111 0 0 0 0.00158488236944593 0.00173736354169787 0 0.00276757308436314 0.00495312976158389 0.00248838117738215 0.00424859031672777 0.00169109559965225 0.00146154995099624 0 0 0 0 0 0.00222098631620354 0.00123904410968292 0.00165001325136423 0.00190696137685153 0.0046608282131596 0.00120373918694814 0 0 0 0 0 0 0.00148234021522584 0 0.00125081449987009 0 0 0.0012500830165794 0 0.0014694956705675 0.00123109824936326 0.00157609138082823 0.00271055838891752 0.00141316354573379 0.00134881895289704 0.0015440941709031 0.00128777347451712 0.00131268707801347 0.00122356384271807 0.00124909647014734 0.00139511301299673 0.00113092707178939 0 0 0.00131078819307063 0 0.00123526067489422 0.00115776363504512 0 0.00118022834151838 0 0 0.00118651388697835 0 0.00124953089403008 0 0 0 0 0.00112772721434618 0 0 0 0 0.00196396774465771 0 0 0.00115448774546137 0.0022295975385589 0 0 0 0 0 0 0.00123750814471963
"Vcam1" 0 0 0 0 0 0 0.00123732350505556 0 0 0 0 0 0 0 0 0 0 0 0 0 0 0 0 0 0 0 0 0 0 0 0 0 0 0 0 0 0 0 0 0 0 0 0 0 0 0 0 0 0 0 0 0 0 0 0 0 0 0 0 0 0 0 0 0 0 0 0 0 0 0 0 0 0 0 0 0 0 0 0 0 0 0 0 0 0 0 0 0 0 0
"Adam17" 0.0014417568634063 0.00114168079867922 0.00115993367388151 0.00176616475343128 0.00196545252932372 0.00226856518985626 0.00206911530949821 0 0 0 0.00150218821176013 0.00170368372605386 0 0.00197603053817831 0.00119943326858578 0.00152664699934757 0 0.0015406909372773 0.00139312205183961 0 0 0 0 0 0 0.00119530599656651 0.00152800804205562 0.00176475134299126 0.00250313799333803 0.00114099932632288 0 0 0 0 0 0 0.00142293151740962 0 0.00120053978595704 0 0 0 0 0.00152012849124405 0.00117790673453089 0.00134863235874304 0.00127317639260921 0.00137709564990964 0.00143327073942227 0.00138462444892899 0.0013662293519631 0.00126615679310811 0.00131418864926006 0.00117054540731726 0.00133758499639306 0 0 0 0.00120525526430194 0.00473414026985662 0.00114981150815589 0.00115555570781167 0 0.00131174750016102 0 0 0.00120600632142194 0 0 0 0 0 0 0.00116927363024105 0 0 0 0 0 0 0 0 0 0 0 0 0 0 0.0011569526037633 0
"Efna5" 0.00114884019446478 0 0 0.00123759964126831 0.00152939590151057 0 0.00171229792557183 0 0 0 0.00135458309859903 0.0012275916740436 0 0.00132516985427714 0 0.00114191639476242 0 0.00120074582515102 0 0 0 0 0 0 0 0 0.00118123412586737 0.00137928382037094 0.00139281703689129 0 0 0 0 0 0 0 0 0 0.00118606873188964 0 0 0 0 0.00118791220590326 0 0 0 0.00113791211387095 0 0 0 0 0 0 0 0 0 0 0 0 0 0 0 0 0 0 0 0 0 0 0 0 0 0 0 0 0 0 0 0 0 0 0 0 0 0 0 0 0 0
"Lamb2" 0.00131457596162555 0 0 0.00130420120572213 0.00155412326798744 0 0.00186433102548193 0 0 0 0.00146305138363456 0.00132835353799395 0 0.00158230657904727 0 0.00113807402022363 0 0.00137682414635469 0.0013020756742901 0 0 0 0 0 0 0 0.00138808293040817 0.00140355501352378 0.00140529831423787 0 0 0 0 0 0 0 0.00120539375232307 0 0 0 0 0 0 0.00122785065043676 0.00116068258735429 0.00118675891452592 0 0.00117379664962302 0.0012077625801329 0 0 0 0 0 0 0 0 0 0.00116822566137444 0 0 0 0 0 0 0 0 0 0 0 0 0 0 0 0 0 0 0 0 0 0 0 0 0 0 0 0 0 0 0
"Pecam1" 0.00136738750926704 0 0 0.00143730442326052 0.00174813253088666 0 0.00188044658787928 0 0 0 0.0013434363341481 0.00130393379050722 0 0.00148512531126647 0 0.00127681993639204 0 0.00133913952023012 0.00123272139760409 0 0 0 0 0 0 0 0.00133954145899324 0.00143843750617272 0.00156776997326893 0 0 0 0 0 0 0 0.00113948111493482 0 0 0 0 0 0 0.00121796562353523 0 0.00123388280103664 0 0.0012937479027393 0.00118725210810313 0.00132421712030051 0 0.0011326389704001 0 0 0.00122331004441365 0 0 0 0 0 0 0 0 0 0 0 0 0 0 0 0 0 0 0 0 0 0 0 0 0 0 0 0 0 0 0 0 0 0 0
"Itgb7" 0.00112857496804921 0 0 0 0.00137562694571343 0 0.00149768513569796 0 0 0 0.00118066947863899 0.00115165054774565 0 0.00120172239880934 0 0 0 0 0 0 0 0 0 0 0 0 0 0.0012239222062616 0.00121409554807664 0 0 0 0 0 0 0 0 0 0 0 0 0 0 0 0 0 0 0 0 0 0 0 0 0 0 0 0 0 0 0 0 0 0 0 0 0 0 0 0 0 0 0 0 0 0 0 0 0 0 0 0 0 0 0 0 0 0 0 0 0
"Il18" 0.00218278867454435 0.00145534708779247 0.00171557057283393 0.00264908034970957 0.00247496982989966 0.0012823165909014 0.00261924139629381 0 0 0 0.00196574575923994 0.0064440537273039 0.0014948635472648 0.00212848515386467 0.00190599656623202 0.00638287737709559 0 0.00202076381596437 0.00221063594764083 0.00154015234289571 0.00115804792486674 0 0 0 0 0.00239321808936035 0.0020055839375478 0.00250880881513251 0.00511931767404228 0.00187508733897885 0.00164008326570185 0.00129994417832296 0 0 0.00127017936683893 0 0.00193962599180508 0.00125438382822179 0.00155690520299089 0.00113041159359262 0.00113434399351861 0.00155217953713415 0 0.00200876295210093 0.00149094967600823 0.00192702648279839 0.00183786614945843 0.00171858198830411 0.00147565927870689 0.0017346066833064 0.00187844877868848 0.0020561721860896 0.00145172969636755 0.00176301507532374 0.00204391554618003 0.0014214701560934 0 0.00129063570037142 0.0017618383003738 0.00119898184957414 0.00160283894048459 0.00137914318637491 0.00115619182562872 0.00148288762214931 0 0 0.0016867115330074 0 0.00171779273201322 0.00126324329453785 0 0 0.00138273405465922 0.00118590479592394 0 0.00168699296148946 0 0 0 0.00211954555013714 0.00362897345485876 0.00141815780642462 0 0 0 0 0.00130251122882121 0.00130433058748367 0.001331038243009 0.00157277175855419
"Hbegf" 0.00127227455205067 0 0.00369077923673185 0.00418890746463193 0.00177694186991293 0 0.00189441420720381 0 0 0 0.00132573586962643 0.00136802792326024 0 0.00134720009877872 0 0.00139941167804101 0 0.00133157129618624 0.00123561062762319 0 0 0 0 0 0 0 0.00128697811236744 0.00149707275928332 0.0014459434880895 0 0 0 0 0 0 0 0.00117404174833167 0 0.00116144189648196 0 0 0 0 0.00120974304173577 0 0.00117347248888774 0.00123157553889115 0.00118077092972535 0 0.00124097357459499 0 0 0 0 0.00113111695695788 0 0 0 0.0011627713052312 0 0 0 0 0 0 0 0 0 0 0 0 0 0 0 0 0 0 0 0 0 0 0 0 0 0 0 0 0 0 0
"Apoe" 0.00117514479892138 0 0 0.00119964428691536 0.00147857872071867 0 0.00160734617280627 0 0 0 0.00117551792616752 0.00132063824668414 0 0.00130569341953242 0 0.00362141283380819 0 0.00122962815617496 0 0 0 0 0 0 0.00420291883098396 0 0.00124332461196257 0.00140505674577875 0.0034770256159516 0 0 0 0 0 0 0 0 0 0 0 0 0 0 0.00113253390509091 0 0 0 0 0 0.00415632604316999 0 0 0 0 0 0 0 0 0 0 0 0 0.00403771682999996 0 0 0 0 0 0 0 0 0 0 0.00408947682338347 0.00523227827316777 0.00451778443203498 0.00403234290300405 0.00450300236385309 0.00376902228924274 0 0 0 0 0 0 0 0 0 0 0
"Bmp4" 0.00173315920849301 0.0014074570290259 0.00234737228060848 0.00178526142813771 0.00282542400280105 0.00117133200681209 0.00314605775773029 0 0 0 0.00184688004584551 0.00186529003957793 0 0.0021004724935881 0.00140652004539028 0.00243894759633319 0 0.00177412858886404 0.00151668336528451 0 0.00118394744879641 0 0 0 0 0.00138586600501744 0.00179741678915902 0.0020652136076413 0.00472910161072179 0.00116320068753799 0.00116498147605836 0.0012620858228424 0 0 0.00118552071791863 0 0.00162751326261747 0.0012072291860015 0.00146112579798381 0 0 0.00133449626877576 0 0.00167989700560281 0.0013671271257611 0.0015725296573374 0.00151062941428825 0.00172189897468093 0.00159833342380597 0.00172982461287079 0.00143300676592414 0.00150016099256784 0.00152186586553008 0.00136968068366645 0.00152267215616941 0.00129193778353993 0 0 0.0013870859671245 0 0.00136989997605083 0.0014082331578757 0 0.00145646218814625 0 0 0.00139236578542934 0 0.00137353806930131 0.00129035136807453 0 0 0.00227305887703119 0.00120594082149156 0 0.00122691940798283 0 0 0 0 0 0.00132199584783824 0 0 0 0 0 0 0.00127412271473964 0.00134118657998104
"Ptn" 0.00127950875998847 0 0 0.00127376317117107 0.0015045898262719 0 0.00163487554056585 0 0 0 0.00136570707698298 0.00125023270583947 0 0.00139198755471021 0 0 0 0.00128392274285511 0.0012214944052371 0 0 0 0 0 0 0 0.00124453567887991 0.0014552067594616 0.00123747500056378 0 0 0 0 0 0 0 0 0 0.0011672022689153 0 0 0 0 0.00124352365710479 0 0.00119472658913639 0 0.0012332240002705 0.00119346017203676 0.00117759281204215 0 0 0 0 0.00113507809141425 0 0 0 0 0 0 0 0 0.00113482948727841 0 0 0 0 0 0 0.0042055671925311 0.00415674791277312 0 0 0 0 0 0 0 0 0 0 0 0 0 0 0 0 0 0
"Vwf" 0.00119117084597668 0 0 0.00124821336689882 0.00232862154106789 0 0.001610812123258 0 0 0 0.00119685550464721 0.00125203759588526 0 0.00125285774288591 0 0.00212062193515749 0 0.00118598312903859 0 0 0 0 0 0 0 0 0 0.00129879595563868 0.00134189452033706 0 0 0 0 0 0 0 0 0 0 0 0 0 0 0 0 0 0 0 0 0 0 0 0 0 0 0 0 0 0 0 0 0 0 0 0 0 0 0 0 0.00421558763554107 0 0 0 0 0 0 0 0 0 0 0 0 0 0 0 0 0 0 0 0
"Selplg" 0 0 0 0 0.00134087819926218 0 0.00133041601505317 0 0 0 0.00119232713735019 0 0 0.00114948758136168 0 0.00115588863880911 0 0 0 0 0 0 0 0 0.00219002214911273 0 0 0.00114310328830128 0.0012110959742142 0 0 0 0 0 0 0 0 0 0 0 0 0 0 0 0 0 0 0 0 0 0 0 0 0 0 0 0 0 0 0 0 0 0 0 0 0 0 0 0 0 0 0 0 0 0 0 0 0 0 0 0 0 0 0 0 0 0 0 0 0
"Spp1" 0.00142865745316068 0 0 0.00152975499583158 0.00158408372530799 0 0.00187530116358333 0 0 0 0.00148326489364376 0.00160524095493544 0 0.00150610082904379 0 0.00227822254511026 0 0.00144213193410018 0.00124234795235528 0 0 0 0 0 0 0 0.00148951702929448 0.00172691978695937 0.00147826056897083 0 0 0 0 0 0 0 0.00142090059911517 0 0.0011997696364407 0 0 0 0 0.0014557991705183 0.00115176501272366 0.00129706631785776 0.00119273253630364 0.00127344370334437 0.00123512133345041 0.00131103162098423 0.00123120779421862 0.00116669066221783 0.00119806221350567 0.00114868632122857 0.00117497150695883 0 0 0 0 0 0 0.00115069493087207 0 0.00120773772879392 0 0 0 0.00478283586807755 0 0 0 0 0 0 0 0 0 0 0 0 0 0 0 0 0 0 0 0 0 0
"Gmfb" 0.00143835242818774 0 0.00124997681365567 0.00172149290967417 0.00203720956877876 0 0.00209926887534938 0 0 0 0.00149109169595583 0.00164837402393786 0 0.00166390430084439 0.001152522595317 0.00150078933272534 0 0.00157370325653899 0.00130870317544449 0 0 0 0 0 0 0.00117495971312081 0.00159100233307114 0.00185067766698966 0.00168010448813103 0.00117697438447532 0 0 0 0 0 0 0.00145923598727684 0 0.00130925407845439 0 0 0 0 0.00146436565661762 0.00123376201769803 0.00142324624452076 0.0014149408589975 0.00131750893547808 0.00136471790140663 0.00139666558128999 0.00132626750936323 0.00127567154441732 0.00134421922176249 0.00121914287643188 0.00129952860585796 0.00116014863973206 0 0 0 0 0.00114994905029895 0.00122988117256969 0 0.00116535071754077 0 0 0.00144407965791444 0 0.00113750651935355 0 0 0 0 0.00117554102132977 0 0 0 0 0 0 0 0 0 0 0 0 0 0 0.00114613574826375 0
"Hmgb1" 0.00229718206526458 0.00173035830256951 0.00186646190700926 0.00512539730752171 0.00254898592522533 0.00140982099701559 0.00297002690844441 0.00133133735129286 0 0.00118181852554972 0.00242489808804238 0.00232338205558798 0.00135162933996022 0.00259420704894233 0.00168565905199732 0.00562016913687305 0 0.00225278350968699 0.0018819694242949 0.00125881169821278 0.00160599741967842 0 0 0 0 0.00165626645284002 0.00230314534335554 0.00254914583597354 0.0022101560164988 0.00527474463608968 0.00152339571230258 0.00147933563200255 0.0013546673719414 0 0.00166158195638594 0.00131901620705546 0.00202406805984557 0.00143966385420201 0.0019654610599727 0.00119683176680502 0.00476117588263312 0.00161330661735278 0 0.00224754285905749 0.00188763939567353 0.00244227739533442 0.00211550342687762 0.00201262613336578 0.00178120930363061 0.00508734033406866 0.00202998881384803 0.00199634558984161 0.00185336076421747 0.00186248949257956 0.00199640735340816 0.00157388860100157 0.00129323620020363 0.00123770760690362 0.00171007362969349 0.00134699904293759 0.00177637757815007 0.00183897263318099 0 0.00174174737190009 0.0046707086827051 0.00524403507165371 0.00177618973241603 0 0.00169405898401047 0.00150320191209134 0 0 0.00119227536509825 0.00163102194593023 0.00123743888613234 0.00160030831006446 0.00158259086059161 0 0 0 0 0.00141747211541946 0.00134096387112529 0 0 0.00115081922197121 0.00155897901025566 0.0011451582504443 0.00138018005215136 0.00172483801674523
"Nectin1" 0.00118519249823681 0 0 0.00122810378241218 0.00156986577337499 0 0.00150300544457211 0 0 0 0.00120013234042198 0.00122338698503827 0 0.0013869697190072 0 0.00121411407376731 0 0 0 0 0 0 0 0 0 0 0 0.00123798158762503 0.00148187893367509 0 0 0 0 0 0 0 0 0 0 0 0 0 0 0 0 0 0 0 0.00114331666493793 0.00114342818061623 0 0 0 0 0 0 0 0 0 0 0 0 0 0 0 0 0 0 0 0 0 0 0 0 0 0 0 0 0 0 0 0 0 0 0 0 0 0 0 0
"Lgals3" 0.00116641818947899 0 0 0 0.00134862195131715 0 0.00152125277648955 0 0 0 0.0011609513420231 0.00235597249778768 0 0.00120281762825719 0 0 0 0.00118340757477034 0 0 0 0 0 0 0 0 0 0.00126742257183738 0.00124898861495364 0 0 0 0 0 0 0 0 0 0 0 0 0 0 0 0 0 0 0 0 0 0 0 0 0 0 0 0 0 0 0 0 0 0.00392451796822546 0.00402165860077069 0 0 0 0 0 0 0 0 0 0 0 0 0 0 0 0 0 0 0 0 0 0 0 0 0 0
"Yars" 0.00123382642040779 0 0 0 0.00139265318762368 0 0.00169190123587818 0 0 0 0.00140205527682894 0.00129126032055829 0 0.00120218420912888 0 0 0 0.00118747027906698 0 0 0 0 0 0 0 0 0.00112996519035683 0.00134268522608456 0.00128673657073765 0 0 0 0 0 0 0 0 0 0.00118003192422298 0 0 0 0 0 0 0 0 0 0 0 0 0 0 0 0 0.0012806832304884 0 0 0 0 0 0 0 0 0 0 0 0 0 0 0 0 0 0 0 0 0 0 0 0 0 0 0 0 0 0 0 0 0 0
"Tnc" 0.00124633192093488 0 0 0.00131914804895682 0.00147863837550371 0 0.00164164008714949 0 0 0 0.0013852958236293 0.00120293430632741 0 0.0013244331421502 0 0 0 0.00122385998378597 0 0 0 0 0 0 0 0 0.0013278687496968 0.00137667016120473 0.00129953066602373 0 0 0 0 0 0 0 0.0011280607396269 0 0 0 0 0 0 0.00113302069762406 0 0.00121301081116585 0 0.0011420607771407 0.00114350643734062 0.00113917586236216 0 0 0 0 0 0 0 0.00201297816852589 0 0.00222440586390975 0 0 0 0 0 0 0 0 0 0 0 0 0 0 0 0 0 0 0 0 0 0 0 0 0 0 0 0 0 0
"Cxcl12" 0 0 0 0.00126837164302806 0.00156572415511307 0 0.00367438744373611 0 0 0 0.00119565846547445 0.00129663054851378 0 0.0012087312925059 0 0.00122619544728706 0 0.00120144145401988 0 0 0 0 0 0 0 0 0.00124290281847455 0.00139512043561346 0.00430544677916095 0 0 0 0 0 0 0 0.00115995593595986 0 0 0 0 0 0 0 0 0 0 0.00436968484743069 0 0 0 0 0 0 0 0 0.00200304387493873 0 0 0 0 0 0 0 0 0 0 0 0 0 0 0 0 0 0 0 0 0 0 0 0 0 0 0 0 0 0 0 0 0
"Itgam" 0.00129404308203525 0 0 0.00137713515200171 0.00155234244201311 0 0.00166340261824615 0 0 0 0.00127118773598424 0.00142862833365383 0 0.00133406046076178 0 0.00124723211845029 0 0.00125403050002514 0 0 0 0 0 0 0 0 0.00129601665118742 0.00136526632307033 0.00146694737172499 0 0 0 0 0 0 0 0 0 0 0 0 0 0 0.00115234982413562 0 0 0 0.00113531638783824 0.00114668509097908 0 0 0 0 0 0 0 0 0 0 0 0 0 0 0 0 0 0 0 0 0 0 0 0 0 0 0 0 0 0 0 0 0 0 0 0 0 0 0 0 0
"Fgf1" 0.00128970280557901 0 0.00361100199031988 0.00143074188544829 0.00165517880547517 0 0.00172438615322352 0 0 0 0.00141576775432903 0.00137612788392824 0 0.00139769701828665 0 0.00127275023603779 0 0.00127898498401072 0.00119553385183569 0 0 0 0 0.00224052357432998 0 0 0.00127690208138573 0.0014248951502895 0.00143211986828032 0 0 0 0 0 0 0 0 0 0 0.00203974471976682 0 0 0 0.00126282497199686 0 0.00121390140459223 0 0.00120151186737656 0 0.00124437164709126 0 0 0 0.00114700322777658 0 0 0 0 0 0 0 0 0 0 0 0 0 0 0 0 0 0 0 0 0 0 0 0 0 0 0 0 0 0 0 0 0 0 0 0
"Mmp9" 0.00131705432545645 0 0.00364748249297431 0.00400475789821093 0.00168013374448286 0 0.00177374486570155 0 0 0 0.00147147323090061 0.00142764362254368 0 0.00144792472151187 0 0.00117875673257323 0 0.00148103936851367 0.0042324033320783 0 0 0 0 0 0 0.00113931068814894 0.00137758463810955 0.00159847130534817 0.0023646425721241 0 0 0 0 0 0 0 0.00126232286321061 0 0 0 0 0.00113076949037393 0 0.00136532258067635 0.00116157806797452 0.00143850333762942 0.00117644706106746 0.00121038026108012 0.0012980459797124 0.00136481263892046 0.00123962414145568 0.00118372286416479 0.00119330277637678 0 0.00114688291389529 0 0 0 0 0 0 0 0 0 0 0 0 0 0 0 0 0 0 0 0 0 0 0 0 0 0 0 0 0 0 0 0 0 0 0
"Tgfb1" 0.00175568893670016 0.00136584088336789 0.00501298582846888 0.00176299322375367 0.0049155449618628 0.00117188444641375 0.00548303347996596 0.00239610071735005 0 0.0011688673255414 0.00189555020617561 0.00315856619923651 0.00259638499600507 0.00308223232651456 0.00512547950130937 0.00403017469022695 0.00221847219236498 0.00180035545017696 0.00456380015609211 0 0.00433370091195563 0 0 0.002517570023229 0.00229989090525026 0.00264835032139451 0.00192981854355597 0.0021377044995426 0.00485364706094005 0.00482613282333761 0.00451960883601798 0.00648685860188018 0.00485394028475774 0.00461832386426685 0.00465805927993809 0.00606760576984587 0.00480783420952646 0.0044065352416625 0.0045332986722952 0.00585914002902647 0.00467637738219293 0.00510760544386226 0.00430710728360495 0.00296597953804268 0.00136616305241965 0.00164313488636811 0.00153336342413857 0.00163255409989271 0.00157339741274326 0.00166090373356128 0.00149627334430383 0.00146975144794285 0.00140104309771909 0.00137447830217155 0.00159500839792795 0.00133198517731623 0 0 0.0014044791997589 0.00254983793205014 0.00131030416960445 0.00286538023665182 0 0.00141667766262817 0 0 0.00134011800486834 0 0.00134515637244138 0.00128689244248201 0 0 0 0.00123618952352695 0 0.00125370263898367 0 0 0 0 0 0.00129999112640331 0 0 0 0 0.00118775509304015 0.00112931554134894 0.00125821995254738 0.00129585782284255
"Vegfa" 0.00147252459272457 0.00240318969403861 0.00378673150218 0.00153306670251271 0.00264269157748718 0.00231275044839368 0.00201992273566579 0.00217643341410883 0.00202321285548803 0.00226483339172504 0.0030021255700173 0.00164521067322292 0.0023594748343614 0.00270302800470108 0.00387769051653293 0.002338318134906 0.00210126533882423 0.00151237439748309 0.00249151263747815 0.00222737839392906 0.00409972140266582 0.00233932018021433 0.00220086392390706 0.00237301976242974 0.00432247876643764 0.0023354608153539 0.00154240272111087 0.00165028049266444 0.00178682373246822 0 0 0 0 0 0 0 0.00132566521893385 0 0.00122923846880237 0 0 0 0 0.00136483375622213 0.00113814705480148 0.00130843253079308 0.00134260268084396 0.00126679382879855 0.00128030598250634 0.00139603133657515 0.00129501658638254 0.0011987761797914 0.00123721883563742 0.00123005477909432 0.00128197535357335 0.00113935963216323 0 0 0.00120768508675322 0 0.00122503156799166 0.00116391919297703 0 0 0 0 0.00114664890504936 0 0.00115978063966424 0 0 0 0 0 0 0 0 0 0 0 0 0 0 0 0 0 0 0 0 0.0011288056499729
