"Clic1" "Ddit4" "Eif5a" "Epha2" "Fam129b" "Gabarap" "Git1" "Ier2" "Ier3" "Irf2bpl" "Ldha" "Lmna" "Midn" "Rps2" "Serpine1" "Stat3" "Tubb5" "Zfp36l1" "Actb" "Aldoa" "Edn1" "Flot1" "Icam1" "Lama5" "Nos3" "Pdgfb" "Slc3a2" "Socs3" "Synpo" "Tnfrsf1a" "Cd34" "Cd38" "Ier5" "Plat" "Snn" "Timp3" "Vegfc" "Akt1" "Klf10" "Srsf1" "Vasp" "Ctnnb1" "Eef1a1" "Pim3" "S100a10" "Tgfbr2" "Arpc2" "Ccnd3" "Dusp6" "Plaur" "Sparc" "Actn1" "Ablim1" "Lpp" "Ndst1" "Ntn1" "Tagln2" "Gadd45g" "Hif1a" "Ntrk2" "Emp1" "Flnb" "Pcbp1" "Dll1" "Jag2" "Sema7a" "Sparcl1" "Ndufs2" "Rpl26" "Rps11" "Pkm" "Col4a2" "Anxa2" "Pfkfb3" "Hnrnpl"
"Nenf" 0 0 0 0 0 0 0 0 0 0.00107089845659386 0 0 0 0 0 0 0 0 0 0 0 0 0 0 0 0 0 0 0 0 0 0 0 0 0 0 0 0 0 0 0 0 0 0 0 0 0 0 0 0 0 0 0 0 0 0 0 0 0 0 0 0 0 0 0 0 0 0 0 0 0 0 0 0 0
"F11r" 0.0011075295715645 0.00122506471618906 0.000985450847414224 0.00131043245620845 0.000994080079174165 0.0010046196408349 0.000991281578726879 0.00109391616421894 0.00118333255094663 0.00129120529955112 0 0.00123115153757467 0.00110917588518809 0 0.00127654533485569 0.00115407402364804 0.00104991477401341 0.00118560232064547 0.00112993044629864 0 0.00118413864998091 0 0.00104261719837731 0 0.00102771038967283 0.00108685015240782 0.000983211964635046 0.000999149331913718 0.00100614982387726 0 0 0 0 0 0 0 0 0.00103608101184769 0 0 0 0.00107715545899426 0 0 0 0.00106189869085937 0 0 0.00101682415380309 0 0 0 0 0 0 0 0 0 0 0 0 0 0 0 0 0 0 0 0 0 0 0 0.000990266918758429 0 0.00100745668944024
"Reln" 0.00101315581337596 0.00114557382920775 0 0.00122866903968304 0 0 0 0.00100847096187403 0.00112598867068756 0.00120350583977092 0 0.00113357712659527 0.00102859717109997 0 0.00109160974110238 0.00109879194078461 0.00103759617350254 0.00108117052110311 0.00101953058282166 0 0 0 0.00106065891384448 0 0.00106407894575868 0 0 0 0 0 0 0 0 0 0 0 0 0 0 0 0 0 0 0 0 0 0 0 0 0 0 0 0 0 0 0 0 0 0 0 0 0 0 0 0 0 0 0 0 0 0 0 0 0 0
"Efnb1" 0 0 0 0.00105852607093831 0 0 0 0 0.000995863644069516 0.00106920189971117 0 0.00098216374848115 0 0 0.000983740965053856 0 0 0 0 0 0 0 0 0 0 0 0 0 0 0 0 0 0 0 0 0 0 0 0 0 0 0 0 0 0 0 0 0 0 0 0 0 0 0 0 0 0 0 0 0 0 0 0 0 0 0 0 0 0 0 0 0 0 0 0
"Clstn1" 0.00112903530630886 0.00124395743887458 0.00114292353463422 0.00141183161827323 0.00136616058952811 0.00108903397081288 0.00106440525811361 0.00130050040834918 0.00117507818316726 0.00144656872913525 0.0010049509503756 0.0014228062489851 0.00124264595974935 0 0.00122724039681923 0.00111817021710192 0.00122918313304998 0.00147037233328022 0.00126964086548004 0.00135801330460303 0.00117566925279226 0 0.0010140716259609 0.00120099591375128 0.00145188744285425 0.00112179189431427 0.00116212231884447 0.000986183620043355 0.0010900874965976 0.00103163126678737 0 0 0.000987523123264554 0 0 0 0 0 0 0 0.00104114906020053 0.00105113074850829 0 0 0 0.000986390319506933 0 0.00102440387156193 0.000984321884850401 0 0 0.000986150297680631 0.00103530781628914 0.00104238890282402 0 0 0.00103090400099223 0 0 0 0 0 0.00103917281656775 0 0 0 0 0 0 0 0 0 0 0 0
"Vegfd" 0.00111060183328328 0.00138481859500287 0 0.0013133845591336 0.00102986078105812 0 0 0.001194075135584 0.00158322425384147 0.00157831200237596 0.000995386771002785 0.0013085977446279 0.00134039054286113 0 0.00150030888017588 0.00135789115175684 0.00103689483084106 0.00129834471254499 0.00122379582036767 0.00110039059966099 0.00126391768374658 0.00114761218649177 0.00101217235431349 0.00120102988607 0.0011504533170673 0.00133314020793532 0 0.0012461150561939 0.00111905846123063 0.000990308032944089 0 0 0 0 0 0 0 0.00107126710880606 0 0 0 0.00107668184623521 0 0 0.00106328020841118 0.00107735135971933 0 0.00107425311601811 0.00102418823131028 0 0 0 0 0.00101006252663396 0.00111259830566416 0 0.00101548255936024 0 0.00111276762829078 0 0 0.00100249522891038 0 0 0 0 0 0 0 0 0 0 0.00102925656855587 0.00107907125527418 0
"Col1a1" 0.00134421200209492 0.00174718468208684 0.00118205647919561 0.00171779038272844 0.00161247648963833 0.00118959467841156 0.00121201201966855 0.00148826295000115 0.00154697020220672 0.0019938738487369 0 0.00177711249818829 0.00177170830493176 0 0.00163313611661382 0.00143435569017924 0.00124647641827163 0.00153468198249731 0.00150260770807709 0.00135785385354049 0.00124986041327233 0.00153440582588834 0.00115814715297627 0.00148137995324356 0.00131005054732561 0.00130439707063547 0.00131246869707894 0.00126670990784842 0.00138155603525327 0.00126096958723495 0 0 0.00128308054787748 0 0 0 0 0.00120044376049272 0.00128485312130734 0.00102998241837946 0.00142155986485445 0.00119334779076132 0.00108232402947191 0.00132754963775339 0.00130056433751597 0.00124181064576978 0 0.00118297696870316 0.00126359266532628 0 0.00105031472359418 0.00108265168226433 0.00108418697925506 0.00128318644927302 0.0012674844733993 0.00101850499364064 0.00142931651634521 0.00120490897322715 0.00114965533500126 0 0.00106359086967158 0.00124593578244914 0.00105715783517807 0 0 0 0 0.00110377565637796 0 0.0010536514796243 0.00116154321749254 0.00100215896375843 0.00123641513317193 0.0010474914308145 0.00125704456814203
"Itga4" 0 0 0 0.000985923189085434 0 0 0 0 0.000987407534430331 0.00105209444779346 0 0 0 0 0 0 0 0 0 0 0 0 0 0 0 0 0 0 0 0 0 0 0 0 0 0 0 0 0 0 0 0 0 0 0 0 0 0 0 0 0 0 0 0 0 0 0 0 0 0 0 0 0 0 0 0 0 0 0 0 0 0 0 0 0
"Copa" 0 0 0 0 0 0 0 0 0 0.000980233369723676 0 0 0 0 0 0 0 0 0 0 0 0 0 0 0 0 0 0 0 0 0 0 0 0 0 0 0 0 0 0 0 0 0 0 0 0 0 0 0 0 0 0 0 0 0 0 0 0 0 0 0 0 0 0 0 0 0 0 0 0 0 0 0 0 0
"Itgam" 0.00108973802830415 0.0012890493648742 0 0.00127118773598424 0.00112493920512581 0 0 0.0010813791215981 0.00128710215959032 0.00141500923122102 0 0.00125403050002514 0.00118783602362838 0 0.00129361657925824 0.00115110869620677 0.00104286075015005 0.00122885059778465 0.00115234982413562 0 0.00122713555180145 0.00103800763564107 0.00124723211845029 0.00101926710199277 0.00118937329703565 0.00102706009864805 0 0.00112798956222543 0.00121011541602748 0.00101876574012982 0 0 0.00105046403627376 0 0 0 0 0.000993018050246192 0 0 0.00103944425349614 0.00108992945949677 0 0 0.00107716172904599 0.00104359627468903 0 0.000987111030874856 0.000982909355110675 0 0 0 0 0 0.00106504455545974 0 0 0.00100430731014693 0 0 0 0 0 0 0 0 0 0 0 0 0 0 0 0 0
"Nid1" 0.00110809665820219 0.0013821268457376 0.00117804415510006 0.00131322087309647 0.00111484280553914 0.00109505768479997 0.00129273384698387 0.00125999400513705 0.00114554780772238 0.00155049919125582 0.000983268504863189 0.00124402007250679 0.00131938186311986 0.00106571463257479 0.00132753110917465 0.00126256662374142 0.00128907977510797 0.00122220221984782 0.00123564708620085 0.000991775408878395 0.00107566528838722 0.00100820989907201 0 0.00112068743364979 0.00105005571484361 0.00106615058268961 0.00119439889096125 0.00104340070676619 0.00105623430048273 0 0 0 0.0011228327673881 0 0 0 0 0.00105984257314167 0.00101263637579519 0 0.00107240504471443 0 0 0 0 0.00100646166242832 0 0 0.000984165089570298 0 0 0 0 0 0 0 0.00109404350783464 0.00107729017775421 0 0 0 0 0 0.00109848754779723 0 0 0 0 0 0 0 0.00124289887545935 0 0 0.00103907087663936
"Icam1" 0.00114249551354306 0.001325194891996 0.00102352819328454 0.00121148675063376 0.00108321993521124 0 0 0.00111666375748199 0.00141859594051234 0.00137272523857242 0 0.00124129684470569 0.00117591225199636 0 0.00122320973286733 0.00129022766795055 0.00110481861262787 0.00125361992206351 0.00118513435505379 0 0.00124779496497746 0.00114480765485801 0.00140576466739308 0 0.00107637206610987 0 0 0.00120807737808542 0.00119212559369386 0.000994214559060387 0 0 0.00109600325737871 0 0 0 0 0.000979070022398759 0 0 0.00100842390152386 0.000983657278106053 0 0 0.00107719964200329 0.000993829380250633 0 0.00103934012442807 0.00101458453515556 0 0 0 0 0 0 0 0 0.000996357294552037 0 0 0 0 0.00102350886413998 0 0 0 0 0 0 0 0 0 0 0 0
"Slit2" 0.00165060710989302 0.00150133877805856 0.00150314361070934 0.00179323598098459 0.00136004338160943 0.00142445613161631 0.00136227091755249 0.00164879901353466 0.00148902838058078 0.00178407662014852 0.00114444995465575 0.00157673521249684 0.00158487036305587 0.00114864841216208 0.00165966649690707 0.00147224755414942 0.00137584865860485 0.00165912834869893 0.0016460158491638 0.00131362610484899 0.00134402311605559 0.00123086686355669 0.00120661681748339 0.0012327951549352 0.00177999426930531 0.0014100340328677 0.00118890558454357 0.00137120441763828 0.00111605476293566 0.00108126312455042 0 0 0.0012212571908692 0 0 0 0 0.00106524477076319 0.00112399233487035 0.00119063520969683 0.00140659424353612 0.00114571749114887 0.00118587312081492 0.00102780290324201 0.00152366013824849 0.00135643434215478 0 0.00129622870451822 0.00133891976560123 0 0 0.00110442030038816 0.00124211489926496 0.00113474482122774 0.00106953432656495 0 0.00112505771924375 0.00114249134456614 0.00116420758323623 0 0.000982803629089484 0.00100276577637261 0.00127072667929905 0 0.00103544204318299 0 0 0.00154497804919277 0.00139613717459497 0.0015174121784617 0 0.00105976724446584 0.00113928439951917 0.00104062013802258 0.00125972776346037
"Trf" 0.00141466846141701 0.00144940946874807 0.0011395770802952 0.00140492239089667 0.0012441649387228 0.00107151934886857 0.00121555376957741 0.00132804798835037 0.00153028712903923 0.00165267034705437 0.00104451534945397 0.00150936697037243 0.00149914190781072 0 0.00155239816224433 0.00129845344593016 0.00128055089710798 0.00145105221511626 0.00140718378024421 0.00121473854490868 0.00135643309443118 0.00128357967373958 0.00122614550595352 0.0012199295356613 0.00134917630442088 0.00110712120502814 0.00114616828612572 0.00118732573087166 0.00124912553627246 0.00115099727155137 0 0 0.0012265141725706 0 0 0 0 0.00107271141990584 0.00106488700975502 0.00100062290688763 0.00125281425836679 0.0011145452978771 0.00113651950972246 0 0.0011896415328981 0.00118263728973649 0 0.00105640264423089 0.00119734107639188 0 0 0 0.00108839568585696 0.0010511687556457 0.00110565162450132 0.00105937835544601 0.00122380914411356 0.00110775910678111 0.00379232108141822 0 0.00105355869695867 0.0010470033567884 0.00107263040395539 0 0 0 0 0.00108871252893379 0 0.000987904872440657 0.00101393142521181 0 0.00113206805440037 0.00100531689062197 0.00113910220732167
"Igf1" 0.00141277506926081 0.0028395028151749 0.00121735664298401 0.00158693845137238 0.00125566994572014 0.0011939118407632 0.00113617323748143 0.00145271030059026 0.00169908400695433 0.00182014301951615 0.00107459727549911 0.00155503869696097 0.00157629324577094 0.000997403443057027 0.00461330400646004 0.0042611835205414 0.00141273719662633 0.00466704995465715 0.00153799856436559 0.0012821579606429 0.00142988761164466 0.0013830875334433 0.00235467193455899 0.0012843030777203 0.00142361585626947 0.00127172472431874 0.00120834673575859 0.00133940300151342 0.00132429090100908 0.00121099207649208 0 0 0.00121743009556164 0.00455440101780694 0 0 0.00246502725097955 0.00610800160040413 0.0011191071484932 0.00108575895929129 0.00125469747305283 0.00131773765326457 0.00441346747794287 0.00113619519853345 0.00126869210572544 0.00463305010200444 0 0.00125534826108372 0.00132755067004603 0.00221700531105268 0 0 0.00115024799280441 0.0012067936307864 0.00119944965739259 0.00111864924579912 0.00115418086721123 0.00124112894160645 0.00503213568610677 0.00224134022859501 0.000986582916454838 0.0011357484358023 0.00429905240014661 0.000996797907356616 0.00485457046979309 0 0.00618964943592142 0 0.00437840025654728 0 0.000994984646446031 0.000989558015403507 0.00117120110751367 0.00114991846519651 0.00116448629265648
"Dll4" 0.00155279467161122 0.00211709920737251 0.00132385233959176 0.0018570410621075 0.00174999296331799 0.00169192243600079 0.00225711832578287 0.00190297528671722 0.00195067239704965 0.0020614649120324 0.00125021253953696 0.00202504729814474 0.00219664570172501 0.00141480378805595 0.00192998991652903 0.00161369190326361 0.00218455968345461 0.00183641939506267 0.00185625641413516 0.00139071133775004 0.00141740702456382 0.00151874966681638 0.00144134686616021 0.00165436143900435 0.00172034950391455 0.00137475117934168 0.00162131069386104 0.00185753483398235 0.00163158379889414 0.00143078965072025 0 0 0.00165200837089409 0 0.000982917791692213 0.00107074247322638 0 0.00134492114205195 0.00160678197827474 0.00124893752103401 0.00169125364199352 0.00159648146047636 0.00125897370426649 0.00129801888007981 0.00163408769568194 0.00151750778809441 0 0.00109339414783386 0.00130931478724863 0 0 0.0011654751566427 0.00117020313408906 0.00114911013107297 0.00150038733199041 0.00129195362119148 0.00154348887308327 0.00158356148281033 0.00121433108199863 0 0.00112845541413895 0.00165590287978707 0.00149200920147672 0.00239550721260229 0.00196885881649216 0.00181279464419215 0 0.00130737172876029 0 0.00164758202887427 0.0014091315517251 0.00102875998261959 0.00137800726843753 0.00110986333716045 0.0012664423656352
"Aimp1" 0.00101309634879989 0.00106709121418156 0 0.00111924175182629 0 0 0 0 0.00107699228901053 0.00122555626844092 0 0.00112974921564656 0.00104831205826506 0 0.00111150102224077 0.00104320586775203 0.000994972561572203 0.00101027565040035 0.000979952541562362 0 0 0 0.00184033222145903 0 0 0 0 0 0 0 0 0 0 0 0 0 0 0 0 0 0 0 0 0 0 0 0 0 0 0 0 0 0 0 0 0 0 0 0 0 0 0 0 0 0 0 0 0 0 0 0 0 0 0 0
"C3" 0 0.0011054895450197 0 0.00102640505689363 0 0 0 0 0.00110182053095711 0.00112463887273977 0 0.00105378824076884 0.00100434958354092 0 0.00111300782215802 0.00098390352754974 0 0 0 0 0 0 0.00104719832334356 0 0 0 0 0 0 0 0 0 0 0 0 0 0 0 0 0 0 0 0 0 0 0 0 0 0 0 0 0 0 0 0 0 0 0 0 0 0 0 0 0 0 0 0 0 0 0 0 0 0 0 0
"Hspg2" 0.00116728230749624 0.00137031756694388 0 0.00123489168672293 0.00100148430753062 0 0 0.00115704031238879 0.00124322014947712 0.00134923734407715 0 0.00117739123508836 0.00115134689877359 0 0.00118680581375888 0.00110660201188118 0.00101616444103493 0.00113739799203289 0.00116983347447202 0 0.00104881632296822 0.00109577682059016 0.00103096039081273 0.00111768089454016 0.00119741344223596 0 0 0.00109900392966455 0.00100913110098426 0 0 0 0 0 0 0 0 0.00105629432898793 0 0 0 0.00103594536069504 0 0 0 0 0 0.00102342177501746 0.0011053770338204 0 0 0.00106136280391356 0 0 0 0 0 0.00104605892674857 0 0 0.00102034567401766 0.000983312634463214 0 0 0 0 0 0 0 0 0 0 0 0 0
"Pgf" 0.00135654474903529 0.00186095098900815 0.00127514512055219 0.00154917481853526 0.00132586828551885 0.00126092055407575 0.00121239030945342 0.00141456059194675 0.0017075441764861 0.00186479455706296 0.00126471674064846 0.00160038242317859 0.00155309428482641 0.00105646783876815 0.00298476130021424 0.00165746310983866 0.00147997949280216 0.00163963120280891 0.00158456810076445 0.00134512398909773 0.00279435200730056 0.00140476456738035 0.00179753890769374 0.00128375732887628 0.00153878461392988 0.00144188630865936 0.00120836607605814 0.00143833709680886 0.00149911701584414 0.0012991136998359 0 0 0.00126269796731184 0 0 0.000991078300404195 0 0.0013997122208219 0.00119589848368426 0.00117939418379211 0.00131265453326236 0.00138052612996723 0.00113070294999345 0.00103254163403132 0.00137014869170567 0.00130077363997776 0 0.00136034321606466 0.00130474945614967 0.0010417981659387 0 0 0.00109740059519571 0.00122051999817778 0.00120926304340273 0.00107953455465231 0.00112047586762639 0.00124232936810067 0.00268630549914874 0 0 0.00113423842811798 0.00121675256280623 0.00112018628553626 0 0 0 0.00110421808848047 0 0.00102374187795553 0.0011349566432881 0 0.0011951632580276 0.00124498625629205 0.00130707301160164
"Bdnf" 0.00142364959265521 0.00166264212186416 0.00122492354180813 0.00173527647161518 0.0013005799507451 0.00112227985666291 0.00137345419813994 0.00154462627294532 0.00166672939054489 0.00183054136183559 0 0.00164804253843356 0.00150871673043438 0 0.00279349973283571 0.00144007863171766 0.00139900486658574 0.00153516703238097 0.001433808953727 0.00115469653591547 0.00148671579662895 0.0014414076832837 0.00136090264917081 0.00129018725259228 0.00153496142671056 0.00129705162848095 0.00117301261167958 0.00141329022257912 0.00151052837664753 0.00125011083073089 0 0 0.00123473730448715 0.00595060151094854 0 0 0 0.00123195632586652 0.00108601043254777 0.00102102405706732 0.00131397098431182 0.00124231197925723 0.0010992625829827 0.00105613127405085 0.00128923132089209 0.00131108902484401 0 0.00128455972010539 0.00118318051693701 0 0 0 0.00121968313745791 0.00116645188614463 0.00122498262913035 0.00104260428324312 0.00127092337343157 0.00114669727855052 0.00222604616587564 0.00598031173618679 0.00108305474756924 0.00110245535165393 0.00105803184717005 0 0 0 0 0.00114495778523021 0 0 0.00108106110568923 0 0.00117531036815031 0.00100314037919 0.00115655845406051
"Rps19" 0.000985744741914743 0.00100632289346879 0 0.00110862868192535 0 0 0 0 0.00105870505522464 0.00115193568580238 0 0.00109043188819073 0.00100705190625787 0 0.00100410144491025 0 0.00098840584894302 0 0.00100367974280875 0 0 0 0 0 0 0 0 0 0 0 0 0 0 0 0 0 0 0 0 0 0 0 0 0 0 0 0 0 0 0 0 0 0 0 0 0 0 0 0 0 0 0 0 0 0 0 0 0 0 0 0 0 0 0 0
"Yars" 0.00104175730872633 0.00123224826936406 0 0.00140205527682894 0 0 0 0.00114624926431142 0.00144648496867395 0.00138785287170157 0 0.00118747027906698 0.00112969151731806 0 0.00130132172395418 0.00114468171548667 0.00112218224299495 0.0012296809766234 0.00103185817592897 0 0.00118065809749761 0.0012113256328791 0.00105607319778282 0.000991283596401442 0.00110741517821459 0 0 0.00103032214014789 0.00119188367094706 0 0 0 0.00101200316502565 0 0 0 0 0 0 0 0 0.00106679201590619 0 0 0.0011168099708566 0.0010141089585502 0 0 0 0 0 0 0.00104434672057803 0.00102566104196392 0.0012806832304884 0.00124746467164829 0.00101458346670644 0 0 0 0 0 0 0 0 0 0 0 0 0 0 0 0.00098000849604127 0 0
"Lamb1" 0.00119537386418107 0.00135234171579583 0 0.0012674145821684 0.000996888030073611 0 0 0.00119811565814098 0.00133311729502355 0.00140059161651349 0 0.0011782374016629 0.0012751967525103 0 0.00117619661952761 0.00108738126196498 0.00110893909376765 0.00118349531537559 0.00107683527885814 0 0.001055396575715 0.00122282933119129 0 0.00108616592869403 0.00126651058233633 0 0 0.00105229548019358 0 0 0 0 0.000990516144396443 0 0 0 0 0.00101817070047919 0 0 0.000999986162413329 0.00100817184762769 0 0 0.00102568267362912 0 0 0.000986651121550898 0.00100778688716927 0 0 0.00104668645397798 0 0 0 0 0 0.000981979872837374 0 0 0 0 0 0 0 0 0 0 0 0 0 0 0 0 0
"Hebp1" 0 0 0 0 0 0 0 0 0 0.000986222906561159 0 0 0 0 0 0 0 0 0 0 0 0 0 0 0 0 0 0 0 0 0 0 0 0 0 0 0 0 0 0 0 0 0 0 0 0 0 0 0 0 0 0 0 0 0 0 0 0 0 0 0 0 0 0 0 0 0 0 0 0 0 0 0 0 0
"Ptprf" 0.00116091215762288 0.00130075708066729 0.00114029015551345 0.0013148531907902 0.00112010282211907 0 0.000979243445575526 0.00120224437976645 0.00140569912016991 0.00133236191207259 0 0.00125201437082661 0.00121010980346786 0 0.00122533242559474 0.00126875853487382 0.00111232546847081 0.00122969992002016 0.00126970680747263 0 0.00112780660921378 0.00119500309381047 0.00123207445060229 0.00105804354425894 0.00107150177738133 0.00107694256988255 0.00108250653704043 0.00106147883327957 0.0011283799829617 0 0 0 0 0 0 0 0 0.000989777487461157 0 0 0.000983139824935452 0.00102741222866503 0 0 0.0011213103276824 0.00108470610483264 0 0.00105131063789959 0.00100395668690283 0 0 0 0.000983779773087196 0 0 0 0 0 0.00104683960479203 0 0 0 0.00100039101604315 0 0 0 0 0.000986770903123508 0 0 0 0 0 0 0.000985411655765655
"Fgf1" 0.00121390140459223 0.00142549440057687 0 0.00141576775432903 0.00112075831308228 0 0.000984899017947654 0.00117405906567441 0.00146725544984714 0.00148749876111926 0 0.00127898498401072 0.00121737350115624 0 0.00240747099328217 0.00124490633779163 0.00116920393796588 0.00121975017759147 0.00126282497199686 0.00100498937628302 0.00122702220777502 0.00113540887855102 0.00127275023603779 0.000998570849708721 0.00120262870973659 0 0.00102570541133596 0.001193556247153 0.00118225078281073 0.00101269287208169 0 0 0.0010702346143253 0.00218565454332801 0 0 0 0.00102960017177597 0 0 0.00108460354547928 0.00104936503783929 0 0 0.00111542611823456 0.00111838813338809 0 0.00114184118029528 0.00109495261025366 0.00213267808733036 0.00224052357432998 0 0.00103310889300203 0.00100498722009573 0.000988229532349225 0 0.00106187338909939 0 0 0 0 0 0 0 0 0 0 0 0 0 0 0 0.00100980569051848 0 0
"Rtn4" 0 0 0 0.00102087534959343 0 0 0 0 0.000989335359873896 0.00114874953481265 0 0 0 0 0.00102847438417239 0.00365410918089921 0 0 0 0 0 0 0 0 0 0 0 0 0 0 0 0 0 0 0 0 0 0 0 0 0 0 0 0 0 0 0.00175774760434116 0 0 0 0 0 0 0 0 0 0 0 0 0 0 0 0 0 0 0 0 0 0 0 0 0 0 0 0
"Arf1" 0 0 0 0.000984484021470761 0 0 0 0 0 0.00106267735884453 0 0.000981688948170969 0 0 0.000979161565898209 0 0 0 0 0 0 0 0 0 0 0 0 0 0 0 0 0 0 0 0 0 0 0 0 0 0 0 0 0 0 0 0 0 0 0 0 0 0 0 0 0 0 0 0 0 0 0 0 0 0 0 0 0 0 0 0 0 0 0 0
"Wnt4" 0.00156596317268207 0.00188546961557161 0.00126083531049856 0.00177005206632065 0.00134483388761679 0.00132738960321784 0.00123619033053231 0.00148610908280602 0.00174788098222967 0.00164062665839109 0 0.00177882722230449 0.00162960393277592 0.00106832409401989 0.0016414663877789 0.00131457474735787 0.00146524361597771 0.00155991548507285 0.00147917445796823 0.000983772146074779 0.00137099109968493 0.00142311560227045 0.00137203144943254 0.00142982179723415 0.0011621824486376 0.00127906444716262 0.00138282923217419 0.00134921969987296 0.00123238668692183 0.00129339955177817 0 0 0.0014130623664571 0 0 0 0 0.00113728984614877 0.00103530770667484 0 0.00123188564392629 0.00129911000164507 0.00115701731960116 0.00144257471481377 0.00136977638835146 0.00119962435110357 0 0.00102275416070853 0.00123728276887381 0 0 0 0.00110397757885808 0.00113489196567955 0.0010612759995903 0.001027106590842 0.00125443769965013 0.00113623881393065 0.00113164822840234 0 0 0.00107195423158736 0.0011653138611775 0.00102141653991105 0 0 0 0.0011882357658474 0 0.00115974894451902 0.00114967055433244 0.000998937964343513 0.0013155093364863 0 0.00115102823620126
"Sema3f" 0 0.000983784773833812 0 0.000990966314264102 0 0 0 0 0 0.00115285786569308 0 0.00101466416856056 0 0 0 0 0 0.000987353267309004 0 0 0 0 0 0 0 0 0 0 0 0 0 0 0 0 0 0 0 0 0 0 0 0.00101786762392816 0 0 0 0 0 0 0 0 0 0 0 0 0 0 0 0 0 0 0 0 0 0 0 0 0 0 0 0 0 0 0 0 0
"Clec11a" 0.00121823109777329 0.00123722695327729 0.00116795973321501 0.00124660160806132 0.0011661939074185 0.0011373447312726 0.00106772515522884 0.0013176813618014 0.00147781930784152 0.00150187057093761 0.00107805476991397 0.00138681300680774 0.00127944071765974 0.00105374748698206 0.00125820312686682 0.00130072089862096 0.0011735654756474 0.00142053415848598 0.00123706477991163 0.00108830736977285 0.00117507839763414 0.00110584644851813 0.00127297925184024 0.00110347645576501 0.0013190600622457 0.00107314930997639 0.00108680472862628 0.00116241027846522 0.00122429386716024 0.00103361343050889 0 0 0.00118147037383315 0 0 0 0 0.00111632280241587 0.00106309782419397 0 0.00118072025871411 0.000988682610326741 0.0010066851426563 0 0.00101361966158522 0 0 0.00102292402876864 0.00101672858148737 0 0 0 0 0.00102347043370143 0.00100183470082884 0.00106504281632917 0.00105971126096457 0 0.00106967431570786 0 0 0 0.000995094521254158 0.00109017333797084 0 0 0 0 0 0 0 0 0 0 0
"Ptdss1" 0.00179368817632248 0.00169164160903666 0.00190515818832609 0.0017700300403654 0.00189733496336293 0.0017437983837724 0.00202830635834875 0.0017323652359749 0.00155848436794855 0.00202578922484911 0.0015100819329221 0.00187909961683272 0.00188662862506959 0.00172007644544528 0.00167718581941541 0.00151156394297108 0.00171843651180771 0.00172192173324522 0.00161989387147502 0.00179587281462346 0.00145774932029201 0.00117695111341336 0.00140920538851066 0.00167789694415249 0.001344820144097 0.00165418874010671 0.00175226107190022 0.00148755016640069 0.0013730370789727 0.00127634416703008 0 0.00114435840697814 0.00160610008789903 0 0.00121624552712592 0.00109131790849743 0 0.00171813982490865 0.00174397337902247 0.00173136772534568 0.00133461543267553 0.00120705908064571 0.00124953088299517 0.00150258288878727 0.00125488879281359 0.00112711377046703 0 0.00138118329296476 0.00130251651370435 0 0 0 0.00103171682898022 0.00116403863035448 0.00113011556767086 0.00135426072851347 0.00158057572942381 0.00138643142648833 0.00142098257514852 0.00102001217958024 0.00111789230232733 0.000999820974092016 0.00164233846969797 0.00119813574923029 0.00109661773358453 0.00108178974333674 0 0.00108306542448934 0.00111470121107848 0.0015959449683664 0.00122751156831175 0.00145552588575379 0.00129373467618256 0.00142104742900275 0.00144203967368628
"Adam17" 0.00134863235874304 0.00176024111956494 0.00110350496397511 0.00150218821176013 0.00128666271153234 0.00119626311984394 0.00116685819936108 0.00155018091843072 0.00172829346361237 0.00153815202785811 0 0.0015406909372773 0.00156960969913611 0.000988773461684712 0.00158197397882198 0.00143404551837469 0.00141663374064695 0.001481637022625 0.00152012849124405 0.00114981150815589 0.00273982077087718 0.00137746827114527 0.00152664699934757 0.00115555570781167 0.00143508973467786 0.00260104276847286 0.00131174750016102 0.00143038606989501 0.00139699201939423 0.00124626000143875 0.0025782194792716 0.00246667142085579 0.0014235664566575 0.00232859358236786 0.00231419826235198 0.00473414026985662 0.00256423244403896 0.00116118491600655 0.00104196458423516 0 0.00133463353805551 0.00129716753907201 0.0011028960080495 0.00102248491807381 0.00126615679310811 0.0012657835373621 0 0.00119691697368809 0.00138575848216572 0 0 0.000994043927144218 0.00126254795105989 0.00120525526430194 0.00109929193334453 0.00103287932416042 0.00121212877268694 0.00109938512602467 0.00119943326858578 0 0.00102240686251414 0.00100979758774137 0.00103154443443899 0.00114640213522065 0 0 0 0.00108845937019847 0 0.00102811311495922 0.00109809810017397 0 0.00114168079867922 0 0.00116269468669714
"Lgals3" 0.00101371019557758 0.0012137764609276 0 0.0011609513420231 0.00106300445138318 0 0 0.00100429372391983 0.00116760726142911 0.00133516475189562 0 0.00118340757477034 0.00108128030933513 0 0.00117724145813248 0.00113017913840644 0.00100602624988035 0.00109479641163856 0.00104067261185247 0 0.000980111965498849 0 0.000980236681186188 0.000997699199270507 0 0 0.00402165860077069 0.00207635953436987 0 0.0041169125117841 0 0 0 0 0 0 0 0 0 0 0 0 0 0 0 0 0 0 0 0 0 0 0 0 0 0 0 0 0 0 0 0 0 0 0 0 0 0 0 0 0 0 0 0 0
"Manf" 0.00124669305600276 0.00113424568314177 0.00109061571687083 0.00129178461399483 0.00116964760390352 0.00107480913353422 0.00128295484114709 0.00110621471276461 0.00108260972569971 0.00142345091442111 0.00110041747062286 0.00138374486081799 0.00116762823581485 0.00107664980865046 0.00121877003942938 0.0011140049605244 0.0011251219272539 0.00118701592305259 0.00100631839929851 0.000988155110131294 0 0 0 0.00105722974865483 0.00105778158415921 0.00101702299255508 0.00103141064457297 0 0 0 0 0 0.00102555795182964 0 0 0 0 0 0.00103394828274971 0 0.00101525552951803 0 0 0 0 0 0 0 0 0 0 0 0 0 0 0 0.00104258195196587 0 0 0 0 0 0 0 0 0 0 0 0 0 0 0 0 0 0
