"","Sfrp1","Scarb2","Antxr1","Fzd1","Itpr1","Pcdh7","Sec63","Ddr2","Lrp6","Ryk","Nrp1","Nrp2","Axl","Pdgfra","Fgfr1","Pkd1","Tgfbr2","Tgfbr3","Glg1","Sdc2","Gpc1","Sdc4","Colec12","Nptn","Ednra","F2r","Lpar1","S1pr3","Il6st","Osmr","Cd47","Igf2r","Rrbp1","Igf1r","Rack1","Mylk","Rpsa","Cd44","Vcam1","Itga8","Itgav","Itgb5","Ptch1","Itga1","Itgb1","Atp5b","Pkd2","Ptpra","Ptprd","Ltbr","Tnfrsf1a","Lrp1","Ptprs","Tnfrsf12a","Gabra3","Derl1","Clstn1","Calm1","Cd34"
"Nid1",0,0,0,0,0,0,0,0,0,0,0,0,0,0,0,0,0,0,0,0,0,0,0,0,0,0,0,0,0,0,0,0,0,0,0,0,0,0,0,0,0.122748629768268,0,0,0,0,0,0,0,0,0,0,0,0,0,0,0,0,0,0
"Vwf",0,0,0,0,0,0,0,0,0,0,0,0,0,0,0,0,0,0,0,0,0,0,0,0,0,0,0,0,0,0,0,0,0,0,0,0,0,0,0,0,0.261531623989958,0.177486935459451,0,0,0,0,0,0,0,0,0,0,0,0,0,0,0,0,0
"Npnt",0,0,0,0,0,0,0,0,0,0,0,0,0,0,0,0,0,0,0,0,0,0,0,0,0,0,0,0,0,0,0,0,0,0,0,0,0,0,0,0.175693105238792,0,0,0,0,0.142809967830446,0,0,0,0,0,0,0,0,0,0,0,0,0,0
"Tnc",0,0,0,0,0,0,0,0,0,0,0,0,0,0,0,0,0,0,0,0,0,0,0,0,0,0,0,0,0,0,0,0,0,0,0,0,0,0,0,0.300559972456547,0.241769923321387,0,0,0,0.240961163066389,0,0,0,0,0,0,0,0,0,0,0,0,0,0
"Tgfb3",0,0,0,0,0,0,0,0,0,0,0,0,0,0,0,0,0.556736512164169,0.0488740954378469,0,0,0,0.303450384357818,0,0,0,0,0,0,0,0,0,0,0,0,0,0,0,0,0,0,0.261823137210641,0.208004759611892,0,0,0.206282774030582,0,0,0,0,0,0,0,0,0,0,0,0,0,0
"Fn1",0,0,0,0,0,0,0,0,0,0,0,0,0,0,0,0,0,0,0,0.022254232864487,0,0,0,0,0,0,0,0,0,0,0,0.279071604509027,0,0,0,0,0.161194146517752,0.294752691402503,0,0.175693105238792,0.114300526821933,0.330575519955274,0,0,0.433977464142074,0,0,0,0,0,0,0,0,0,0,0,0,0,0
"Spp1",0,0,0,0,0,0,0,0,0,0,0,0,0,0,0,0,0,0,0,0,0,0,0,0,0,0,0,0,0,0,0,0,0,0,0,0,0,0.0204673004390862,0,0.311062360652638,0.14132723075033,0.210629161615286,0,0,0.0923475211196466,0,0,0,0,0,0,0,0,0,0,0,0,0,0
"Dusp18",0,0,0,0,0,0,0,0,0,0,0,0,0,0,0,0,0,0,0,0,0,0,0,0,0,0,0,0,0,0,0,0,0,0,0,0,0.0161365689282064,0,0,0,0,0,0,0.0264377407495297,0.0218358495907046,0,0,0,0,0,0,0,0,0,0,0,0,0,0
"Col4a1",0,0,0,0,0,0,0,0,0,0,0,0,0,0,0,0,0,0,0,0,0,0,0,0,0,0,0,0,0,0,0,0,0,0,0,0,0,0,0,0,0,0,0,0.151129337145447,0.124822975832743,0,0,0,0,0,0,0,0,0,0,0,0,0,0
"Sema7a",0,0,0,0,0,0,0,0,0,0,0,0,0,0,0,0,0,0,0,0,0,0,0,0,0,0,0,0,0,0,0,0,0,0,0,0,0,0,0,0,0,0,0,0.244765300528363,0.206282774030582,0,0,0,0,0,0,0,0,0,0,0,0,0,0
"Fbn1",0,0,0,0,0,0,0,0,0,0,0,0,0,0,0,0,0,0,0,0,0,0,0,0,0,0,0,0,0,0,0,0,0,0,0,0,0,0,0,0,0.250118959648434,0,0,0,0.193718678148794,0,0,0,0,0,0,0,0,0,0,0,0.400739617905946,0,0
"Col1a1",0,0,0,0,0,0,0,0.0373982870766781,0,0,0,0,0,0,0,0,0,0,0,0,0,0,0,0,0,0,0,0,0,0,0,0,0,0,0,0,0,0.40282899069551,0,0,0.240972063677946,0,0,0.146469335307509,0.501195220221716,0,0,0,0,0,0,0,0,0,0,0,0,0,0
"Lamb1",0,0,0,0,0,0,0,0,0,0,0,0,0,0,0,0,0,0,0,0.181684131596002,0,0,0,0,0,0,0,0,0,0,0,0,0,0,0,0,0,0,0,0,0.250218026267722,0,0,0.244765300528363,0.124822975832743,0,0,0,0,0,0,0,0,0,0,0,0,0,0
"Reln",0,0,0,0,0,0,0,0,0,0,0,0,0,0,0,0,0,0,0,0,0,0,0,0,0,0,0,0,0,0,0,0,0,0,0,0,0,0,0,0,0,0,0,0,0.321614149900774,0,0,0,0,0,0,0,0,0,0,0,0,0,0
"Lamc2",0,0,0,0,0,0,0,0,0,0,0,0,0,0,0,0,0,0,0,0,0,0,0,0,0,0,0,0,0,0,0,0,0,0,0,0,0,0,0,0,0,0,0,0,0.124822975832743,0,0,0,0,0,0,0,0,0,0,0,0,0,0
"Jam2",0,0,0,0,0,0,0,0,0,0,0,0,0,0,0,0,0,0,0,0,0,0,0,0,0,0,0,0,0,0,0,0,0,0,0,0,0,0,0,0,0,0,0,0,0.177918065691644,0,0,0,0,0,0,0,0,0,0,0,0,0,0
"Adam15",0,0,0,0,0,0,0,0,0,0,0,0,0,0,0,0,0,0,0,0,0,0,0,0,0,0,0,0,0,0,0,0,0,0,0,0,0,0,0,0,0,0,0,0,0.0960889624155033,0,0,0,0,0,0,0,0,0,0,0,0,0,0
"Angpt2",0,0,0,0,0,0,0,0,0,0,0,0,0,0,0,0,0,0,0,0,0,0,0,0,0,0,0,0,0,0,0,0,0,0,0,0,0,0,0,0,0,0,0,0,0.223456102641836,0,0,0,0,0,0,0,0,0,0,0,0,0,0
"Vcam1",0,0,0,0,0,0,0,0,0,0,0,0,0,0,0,0,0,0,0,0,0,0,0,0,0,0,0,0,0,0,0,0.172377264120606,0,0,0,0,0.0995665826262429,0,0,0,0,0,0,0,0.471078651730058,0,0,0,0,0,0,0,0,0,0,0,0,0,0
"Lama2",0,0,0,0,0,0,0,0,0,0,0,0,0,0,0,0,0,0,0,0,0,0,0,0,0,0,0,0,0,0,0,0,0,0,0,0,0.0161365689282064,0,0,0,0,0,0,0,0.124822975832743,0,0,0,0,0,0,0,0,0,0,0,0,0,0
"Lamb2",0,0,0,0,0,0,0,0,0,0,0,0,0,0,0,0,0,0,0,0,0,0,0,0,0,0,0,0,0,0,0,0,0,0,0,0,0.0942608801914102,0,0,0,0,0,0,0,0.206282774030582,0,0,0,0,0,0,0,0,0,0,0,0,0,0
"Hsp90b1",0,0,0,0,0,0,0,0,0,0,0,0,0,0,0,0,0,0,0,0,0,0,0,0,0,0,0,0,0,0,0,0,0,0,0,0,0,0,0,0,0,0,0,0,0.176622449563947,0,0,0,0,0,0,0.02413170054837,0,0,0,0,0,0,0
"Mmp9",0,0,0,0,0,0,0,0,0,0,0,0,0,0,0,0,0,0,0,0,0,0,0,0,0,0,0,0,0,0,0,0,0,0,0,0,0,0.53881811096963,0,0,0,0,0,0,0.401681940026392,0,0,0,0,0,0,0.310435776660169,0,0,0,0,0,0,0
"Thbs1",0,0,0,0,0,0,0,0,0,0,0,0,0,0,0,0,0,0,0,0,0,0,0,0,0,0,0,0,0,0,0.0340051521904172,0,0,0,0,0,0,0,0,0,0.436259787263686,0,0,0,0.215658962029843,0,0,0,0,0,0,0.625241979369739,0,0,0,0,0,0,0
"Agrn",0,0,0,0,0,0,0,0,0,0,0,0,0,0,0,0,0,0,0,0,0,0,0,0,0,0,0,0,0,0,0,0,0,0,0,0,0,0,0,0,0.250218026267722,0,0,0,0.206282774030582,0,0,0,0,0,0,0.10960023775516,0.459981161825488,0,0,0,0,0,0
"Hspg2",0,0,0,0,0,0,0,0,0,0,0,0,0,0,0.293061776955819,0,0,0,0,0,0,0,0,0,0,0,0,0,0,0,0,0,0,0,0,0,0,0,0,0,0,0,0,0,0.103295647788543,0,0,0,0,0,0,0.10960023775516,0.232399123086234,0,0,0,0,0,0
"Grn",0,0,0,0,0,0,0,0,0,0,0,0,0,0,0,0,0,0,0,0,0,0,0,0,0,0,0,0,0,0,0,0,0,0,0,0,0,0,0,0,0,0,0,0,0,0,0,0,0,0,0.270708918618151,0,0,0,0,0,0,0,0
"Adam17",0,0,0,0,0,0,0,0,0,0,0,0,0,0,0,0,0,0,0,0,0,0,0,0,0,0,0,0,0,0,0,0,0,0,0,0,0,0,0,0,0,0,0.283058777114957,0,0.215323106219401,0,0,0,0,0,0.316229024583641,0,0,0,0,0,0,0,0
"Ltb",0,0,0,0,0,0,0,0,0,0,0,0,0,0,0,0,0,0,0,0,0,0,0,0,0,0,0,0,0,0,0,0,0,0,0,0,0,0,0,0,0,0,0,0,0.103295647788543,0,0,0,0,0.699784984855235,0.497927069078418,0,0,0,0,0,0,0,0
"Timp1",0,0,0,0,0,0,0,0,0,0,0,0,0,0,0,0,0,0,0,0,0,0,0,0,0,0,0,0,0,0,0,0,0,0,0,0,0,0,0,0,0,0,0,0,0,0,0,0,0,0,0,0.196613018488862,0,0,0,0,0,0,0
"Serping1",0,0,0,0,0,0,0,0,0,0,0,0,0,0,0,0,0,0,0,0,0,0,0,0,0,0,0,0,0,0,0,0,0,0,0,0,0,0,0,0,0,0,0,0,0,0,0,0,0,0,0,0.02413170054837,0,0,0,0,0,0,0
"Serpine2",0,0,0,0,0,0,0,0,0,0,0,0,0,0,0,0,0,0,0,0,0,0,0,0,0,0,0,0,0,0,0,0,0,0,0,0,0,0,0,0,0,0,0,0,0,0,0,0,0,0,0,0.140964001971249,0,0,0,0,0,0,0
"Serpine1",0,0,0,0,0,0,0,0,0,0,0,0,0,0,0,0,0,0,0,0,0,0,0,0,0,0,0,0,0,0,0,0,0,0,0,0,0,0,0,0,0,0,0,0,0,0,0,0,0,0,0,0.446424887129183,0,0,0,0,0,0,0
"Psap",0,0,0,0,0,0,0,0,0,0,0,0,0,0,0,0,0,0,0,0,0,0,0,0,0,0,0,0,0,0,0,0,0,0,0,0,0,0,0,0,0,0,0,0,0,0,0,0,0,0,0,0.02413170054837,0,0,0,0,0,0,0
"Plat",0,0,0,0,0,0,0,0,0,0,0,0,0,0,0,0,0,0,0,0,0,0,0,0,0,0,0,0,0,0,0,0,0,0,0,0,0,0,0,0,0,0,0,0,0,0,0,0,0,0,0,0.02413170054837,0,0,0,0,0,0,0
"Lrpap1",0,0,0,0,0,0,0,0,0,0,0,0,0,0,0,0,0,0,0,0,0,0,0,0,0,0,0,0,0,0,0,0,0,0,0,0,0,0,0,0,0,0,0,0,0,0,0,0,0,0,0,0.486493867489844,0,0,0,0,0,0,0
"Ltf",0,0,0,0,0,0,0,0,0,0,0,0,0,0,0,0,0,0,0,0,0,0,0,0,0,0,0,0,0,0,0,0,0,0,0,0,0,0,0,0,0,0,0,0,0,0,0,0,0,0,0,0.02413170054837,0,0,0,0,0,0,0
"Lgals3",0,0,0,0,0,0,0,0,0,0,0,0,0,0,0,0,0.122725096059797,0,0,0,0,0,0.341280880436125,0.547610032751441,0,0,0.150387661447128,0,0,0,0,0,0,0,0,0,0,0,0,0,0,0,0,0,0.389762463748047,0,0,0,0,0,0,0,0,0,0,0,0,0,0
"App",0,0,0,0,0,0,0,0,0,0,0,0,0,0,0,0,0.441123409872093,0,0,0,0.509445611246142,0,0,0,0.13525686895266,0.141681218869175,0.181847082392617,0,0,0,0,0,0,0.384483165441688,0,0,0,0,0,0,0,0,0,0,0,0,0,0,0,0,0,0.511968726300922,0,0,0,0,0,0,0
"Anxa1",0,0,0,0,0,0,0,0.305320581126258,0,0,0,0,0,0,0,0,0,0,0,0,0,0,0,0,0.236673256810363,0.247914621699294,0.181847082392617,0,0,0,0,0,0,0,0,0,0,0.167095569145585,0.33179344921287,0,0,0,0,0,0,0,0,0,0,0,0,0,0,0,0,0,0,0,0
"Edn1",0,0,0,0,0,0,0,0,0,0,0,0,0,0,0,0,0,0,0,0,0,0,0,0,0.558372303083979,0.141681218869175,0.181847082392617,0,0,0,0,0,0,0,0,0,0,0,0,0,0,0,0,0,0,0,0,0,0,0,0,0,0,0,0,0,0,0,0
"Penk",0,0,0,0,0,0,0,0,0,0,0,0,0,0,0,0,0,0,0,0,0,0,0,0,0,0,0.181847082392617,0.136290500562026,0,0,0,0,0,0,0,0,0,0,0,0,0,0,0,0,0,0,0,0,0,0,0,0,0,0,0,0,0,0,0
"Hc",0,0,0,0,0,0,0,0,0,0,0,0,0,0,0,0,0,0,0,0,0,0,0,0,0,0,0.181847082392617,0.136290500562026,0,0,0,0,0,0,0,0,0,0,0,0,0,0,0,0,0,0,0,0,0,0,0,0,0,0,0,0,0,0,0
"Cxcl2",0,0,0,0,0,0,0,0,0,0,0,0,0,0,0,0,0,0,0,0,0,0,0,0,0,0,0.181847082392617,0.136290500562026,0,0,0,0,0,0,0,0,0,0,0,0,0,0,0,0,0,0,0,0,0,0,0,0,0,0,0,0,0,0,0
"Cxcl12",0,0,0,0,0,0,0,0,0,0,0,0,0,0,0,0,0,0,0,0,0,0,0,0,0,0,0.181847082392617,0.136290500562026,0,0,0,0,0,0,0,0,0,0,0,0,0,0,0,0,0,0,0,0,0,0,0,0,0,0,0,0,0,0,0
"Cxcl16",0,0,0,0,0,0,0,0,0,0,0,0,0,0,0,0,0,0,0,0,0,0,0,0,0,0,0.181847082392617,0.136290500562026,0,0,0,0,0,0,0,0,0,0,0,0,0,0,0,0,0,0,0,0,0,0,0,0,0,0,0,0,0,0,0
"C3",0,0,0,0,0,0,0,0,0,0,0,0,0,0,0,0,0,0,0,0,0,0,0,0,0,0,0.181847082392617,0,0,0,0,0,0,0,0,0,0,0,0,0,0,0,0,0,0,0,0,0,0,0,0,0.365388405573321,0,0,0,0,0,0,0
"Liph",0,0,0,0,0,0,0,0,0,0,0,0,0,0,0,0,0,0,0,0,0,0,0,0,0,0,0.0228819436335089,0,0,0,0,0,0,0,0,0,0,0,0,0,0,0,0,0,0,0,0,0,0,0,0,0,0,0,0,0,0,0,0
"Cmtm6",0,0,0,0,0,0,0,0,0,0,0,0,0,0,0,0,0,0,0,0,0,0,0,0,0,0,0.150387661447128,0,0,0,0,0,0,0,0,0,0,0,0,0,0,0,0,0,0,0,0,0,0,0,0,0,0,0,0,0,0,0,0
"Hebp1",0,0,0,0,0,0,0,0,0,0,0,0,0,0,0,0,0,0,0,0,0,0,0,0,0,0,0.181847082392617,0,0,0,0,0,0,0,0,0,0,0,0,0,0,0,0,0,0,0,0,0,0,0,0,0,0,0,0,0,0,0,0
"Sema3a",0,0,0,0,0,0,0,0,0,0,0.560665593706596,0,0,0,0,0,0,0,0,0,0,0,0,0,0,0,0,0,0,0,0,0,0,0,0,0,0,0,0,0,0,0,0,0,0,0,0,0,0,0,0,0,0,0,0,0,0,0,0
"Vegfc",0,0,0,0,0,0,0,0,0,0,0.446293343780428,1.2481909932116,0,0,0,0,0,0,0,0,0,0,0,0,0,0,0,0,0,0,0,0,0,0,0,0,0,0,0,0,0,0,0,0,0,0,0,0,0,0,0,0,0,0,0,0,0,0,0
"Sema3f",0,0,0,0,0,0,0,0,0,0,0.148817687430665,0.803461227018396,0,0,0,0,0,0,0,0,0,0,0,0,0,0,0,0,0,0,0,0,0,0,0,0,0,0,0,0,0,0,0,0,0,0,0,0,0,0,0,0,0,0,0,0,0,0,0
"Pgf",0,0,0,0,0,0,0,0,0,0,0.481748384810589,0.841828002371052,0,0,0,0,0,0,0,0,0,0,0,0,0,0,0,0,0,0,0,0,0,0,0,0,0,0,0,0,0,0,0,0,0,0,0,0,0,0,0,0,0,0,0,0,0,0,0
"Sema3c",0,0,0,0,0,0,0,0,0,0,0.640756172872826,0.425116089592214,0,0,0,0,0,0,0,0,0,0,0,0,0,0,0,0,0,0,0,0,0,0,0,0,0,0,0,0,0,0,0,0,0,0,0,0,0,0,0,0,0,0,0,0,0,0,0
"Hgf",0,0,0,0,0,0,0,0,0,0,0.581836355238978,0,0,0,0,0,0,0,0,0.101073242149577,0,0,0,0,0,0,0,0,0,0,0,0,0,0,0,0,0,0.377684866520068,0,0,0,0,0,0,0,0,0,0,0,0,0,0,0,0,0,0,0,0,0
"Icam2",0,0,0,0,0,0,0,0,0,0,0.298059201053849,0,0,0,0,0,0,0,0,0,0,0,0,0,0,0,0,0,0,0,0,0,0,0,0,0,0,0.131695303348695,0,0,0,0,0,0,0,0,0,0,0,0,0,0,0,0,0,0,0,0,0
"Hmgb2",0,0,0,0,0.119054479128598,0,0,0,0,0,0,0,0,0,0,0,0,0,0,0,0,0,0,0,0,0,0,0,0,0,0,0,0,0,0,0,0,0.0971579781414469,0,0,0,0,0,0,0,0,0,0,0,0,0,0,0,0,0,0,0,0,0
"Rtn4",0,0,0,0,0,0,0,0,0,0,0,0,0,0,0,0,0,0,0,0,0,0,0,0,0,0,0,0,0,0,0,0,0,0,0,0,0,0.167095569145585,0,0,0,0,0,0,0,0,0,0,0,0,0,0,0,0,0,0,0,0,0
"Hbegf",0,0,0,0,0,0,0,0,0,0,0,0,0,0,0,0,0,0,0,0,0,0,0,0,0,0,0,0,0,0,0,0,0,0,0,0,0,0.411925420293242,0,0,0,0,0,0,0,0,0,0,0,0,0,0,0,0,0,0,0,0,0
"Ptprc",0,0,0,0,0,0,0,0,0,0,0,0,0,0,0,0,0,0,0,0,0,0,0,0,0,0,0,0,0,0,0,0,0,0,0,0,0,0.216539831996339,0,0,0,0,0,0,0,0,0,0,0,0,0,0,0,0,0,0,0,0,0
"Plxnb2",0,0,0,0,0,0,0,0,0,0,0,0,0,0,0,0,0,0,0,0,0,0,0,0,0,0,0,0,0,0,0,0,0,0,0,0,0,0,0,0,0,0,0.269566393069036,0,0,0,0,0,0,0,0,0,0,0,0,0,0,0,0
"Ntn1",0,0,0,0,0,0,0,0,0,0,0,0,0,0,0,0,0,0,0,0,0,0,0,0,0,0,0,0,0,0,0,0,0,0,0,0,0,0,0,0,0,0,0.223850044201726,0,0,0,0,0,0,0,0,0,0,0,0,0,0,0,0
"Itgb2",0,0,0,0,0,0,0,0,0,0,0,0,0,0,0,0,0,0,0,0,0,0,0,0,0,0,0,0,0,0,0,0,0,0,0,0,0,0,0,0,0,0,0.115631332489491,0,0,0,0,0,0,0,0,0,0,0,0,0,0,0,0
"Itgb7",0,0,0,0,0,0,0,0,0,0,0,0,0,0,0,0,0,0,0,0,0,0,0,0,0,0,0,0,0,0,0,0,0,0,0,0,0,0,0,0,0,0,0.115631332489491,0,0,0,0,0,0,0,0,0,0,0,0,0,0,0,0
"Col18a1",0,0,0,0,0,0,0,0,0,0,0,0,0,0,0,0,0,0,0,0,0.0248539940327773,0,0,0,0,0,0,0,0,0,0,0,0,0,0,0,0,0,0,0,0.250218026267722,0.208004759611892,0.283058777114957,0,0.0885726481273005,0,0,0,0,0,0,0,0,0,0,0,0,0,0
"Slit2",0,0,0,0,0,0,0,0,0,0,0,0,0,0,0,0,0,0,0,0,0.377672711327691,0,0,0,0,0,0,0,0,0,0,0,0,0,0,0,0,0,0,0,0,0,0.283058777114957,0,0,0,0,0,0,0,0,0,0,0,0,0,0,0,0
"Ocln",0,0,0,0,0,0,0,0,0,0,0,0,0,0,0,0,0.204812661004827,0,0,0,0,0,0,0,0,0,0,0,0,0,0,0,0,0,0,0,0,0,0,0,0,0,0,0,0,0,0,0,0,0,0,0,0,0,0,0,0,0,0
"Cdh5",0,0,0,0,0,0,0,0,0,0,0,0,0,0,0,0,0.111717301472958,0,0,0,0,0,0,0,0,0,0,0,0,0,0,0,0,0,0,0,0,0,0,0,0,0,0,0,0,0,0,0,0,0,0,0,0,0,0,0,0,0,0
"F11r",0,0,0,0,0,0,0,0,0,0,0,0,0,0,0,0,0.148904140717913,0,0,0,0,0,0,0,0,0,0,0,0,0,0,0,0,0,0,0,0,0,0,0,0,0,0,0,0,0,0,0,0,0,0,0,0,0,0,0,0,0,0
"Inhba",0,0,0,0,0,0,0,0,0,0,0,0,0,0,0,0,0,0.221974098730404,0,0,0,0,0,0,0,0,0,0,0,0,0,0,0,0,0,0,0,0,0,0,0,0,0,0,0,0,0,0,0,0,0,0,0,0,0,0,0,0,0
"Tgfb2",0,0,0,0,0,0,0,0,0,0,0,0,0,0,0,0,0.660688731698517,0.851029970167089,0,0,0,0,0,0,0,0,0,0,0,0,0,0,0,0,0,0,0,0,0,0,0,0,0,0,0,0,0,0,0,0,0,0,0,0,0,0,0,0,0
"Dkk2",0,0,0,0,0,0,0,0,0.680133761700708,0,0,0,0,0,0,0,0,0,0,0,0,0,0,0,0,0,0,0,0,0,0,0,0,0,0,0,0,0,0,0,0,0,0,0,0,0,0,0,0,0,0,0,0,0,0,0,0,0,0
"Efnb1",0,0,0,0,0,0,0,0,0.214074746172714,0,0,0,0,0,0,0,0,0,0,0.176858547600236,0,0,0,0,0,0,0,0,0,0,0,0,0,0,0,0,0,0,0,0,0,0,0,0,0,0,0,0,0,0,0,0,0,0,0,0,0,0,0
"Efnb2",0,0,0,0,0,0,0,0,0.214074746172714,0,0,0,0,0,0,0,0,0,0,0.25153465587347,0,0,0,0,0,0,0,0,0,0,0,0,0,0,0,0,0,0,0,0,0,0,0,0,0,0,0,0,0,0,0,0,0,0,0,0,0,0,0
"Manf",0,0,0,0,0,0,0.0990476325538896,0,0,0,0,0,0,0,0,0,0,0,0,0,0,0,0,0,0,0,0,0,0,0,0,0,0,0,0,0,0,0,0,0,0,0,0,0,0,0,0,0,0,0,0,0,0,0,0,0,0,0,0
"Nenf",0,0,0,0,0,0,0.0990476325538896,0,0,0,0,0,0,0,0,0,0,0,0,0,0,0,0,0,0,0,0,0,0,0,0,0,0,0,0,0,0,0,0,0,0,0,0,0,0,0,0,0,0,0,0,0,0,0,0,0,0,0,0
"Wnt5a",0.0616168314031378,0.1338021143551,0.294809293858049,0.654546849935536,0,0,0,0,0.672360309003936,0.310345610183259,0,0,0,0,0,0,0,0,0,0,0,0,0,0,0,0,0,0,0,0,0,0.222019441439261,0,0,0,0,0,0,0,0,0,0,0,0,0,0,0,0,0,0,0,0,0,0,0,0,0,0,0
"Dsg2",0,0,0,0,0.192811885455297,0.121876591699193,0.160410266983492,0.287513126392901,0.201589094737219,0.433876024535178,0,0,0,0.35464014613734,0,0,0,0,0,0,0,0,0,0,0,0,0,0,0,0,0,0,0,0,0,0,0,0.157349921561893,0,0,0,0,0,0,0,0,0,0,0,0,0,0,0,0,0,0,0,0,0
"Pcdh7",0,0,0,0,0,0,0.160410266983492,0.287513126392901,0.201589094737219,0.433876024535178,0,0,0,0,0,0,0,0,0,0,0,0,0,0,0,0,0,0,0,0,0,0,0,0,0,0,0,0,0,0,0,0,0,0,0,0,0,0,0,0,0,0,0,0,0,0,0,0,0
"Itga9",0,0,0,0,0,0,0,0,0,0,0,0,0,0,0,0,0,0,0,0,0,0,0,0,0,0,0,0,0,0,0,0,0,0,0,0,0,0,0.24015666687394,0,0,0,0,0,0,0,0,0,0,0,0,0,0,0,0,0,0,0,0
"Itga4",0,0,0,0,0,0,0,0,0,0,0,0,0,0,0,0,0,0,0,0,0,0,0,0,0,0,0,0,0,0,0,0,0,0,0,0,0.0995665826262429,0.222983266535919,0.0248123450298268,0,0,0,0.174840065402722,0,0,0,0,0,0,0,0,0,0,0,0,0,0,0,0
"Rps19",0,0,0,0,0,0,0,0,0,0,0,0,0,0,0,0,0,0,0,0,0,0,0,0,0,0,0,0,0,0,0,0,0,0,0,0,0.211404329570513,0,0.188180394085623,0,0,0,0,0,0,0,0,0,0,0,0,0,0,0,0,0,0,0,0
"Arf1",0,0,0,0,0,0,0,0,0,0,0,0,0,0,0,0,0,0,0,0,0,0,0,0,0,0,0,0,0,0,0,0,0,0,0,0.165787332845869,0,0.167095569145585,0.309252614972965,0,0,0,0,0,0,0,0,0,0,0,0,0,0,0,0,0,0,0,0
"Calr",0,0,0,0,0,0,0,0,0,0,0,0,0,0,0,0,0,0,0,0,0,0,0,0,0,0,0,0,0,0,0,0,0,0,0,0.18456192444073,0,0.167095569145585,0,0,0.122748629768268,0,0,0,0,0,0,0,0,0,0,0.510877418586597,0,0,0,0,0,0,0
"Calm1",0,0,0,0,0,0,0,0,0,0,0,0,0,0,0,0,0,0,0,0,0,0,0,0,0,0,0,0,0,0,0,0,0,0,0,0.359634844152914,0.162086214185983,0,0,0,0,0,0,0,0,0,0,0,0,0,0.286159054193741,0,0,0,0,0,0,0,0
"Calm2",0,0,0,0,0,0,0,0,0,0,0,0,0,0,0,0,0,0,0,0,0,0,0,0,0,0,0,0,0,0,0,0,0,0,0,0.0458417051574741,0,0,0,0,0,0,0,0,0,0,0,0,0,0,0,0,0,0,0,0,0,0,0
"Igf1",0,0,0,0,0,0,0,0,0,0,0,0,0,0,0,0,0,0,0,0,0,0,0,0,0,0,0,0,0,0,0,0,0,0.831915644489336,0.223158605958851,0,0,0,0,0,0,0,0,0,0,0,0,0,0,0,0,0,0,0,0,0,0,0,0
"Nampt",0,0,0,0,0,0,0,0,0,0,0,0,0,0,0,0,0,0,0,0,0,0,0,0,0,0,0,0,0,0,0,0,0,0.422350320898565,0,0,0,0,0,0,0,0,0,0,0,0,0,0,0,0,0,0,0,0,0,0,0,0,0
"Aimp1",0,0,0,0,0,0,0,0,0,0,0,0,0,0,0,0,0,0,0,0,0,0,0,0,0,0,0,0,0,0,0,0,0.11057176403559,0,0.0742070699219637,0,0,0,0,0,0,0,0,0,0,0,0,0,0,0,0,0,0,0,0,0,0,0,0
"Ptprf",0,0,0,0,0,0,0,0,0,0.14180455506854,0,0,0,0,0,0,0.260441779516884,0,0,0,0,0,0,0,0,0,0,0,0,0,0,0,0,0,0.120180317200094,0,0,0,0,0,0,0,0,0,0,0,0,0.12295207530075,0.123602828306968,0,0,0,0,0,0,0,0,0,0
"Ptprm",0,0,0,0,0,0,0,0,0,0,0,0,0,0,0,0,0,0,0,0,0,0,0,0,0,0,0,0,0,0,0,0,0,0,0.202074381921627,0,0,0,0,0,0,0,0,0,0,0,0,0.404202850108732,0,0,0,0,0.326974195940664,0,0,0,0,0,0
"Gas6",0,0,0,0,0,0,0,0,0,0,0,0,1.04100463036071,0,0,0,0,0,0,0,0,0,0,0,0,0,0,0,0,0,0,0,0,0,0,0,0,0,0,0,0,0,0,0,0,0,0,0,0,0,0,0,0,0,0,0,0,0,0
"Pros1",0,0,0,0,0,0,0,0,0,0,0,0,0.613751700868118,0,0,0,0,0,0,0,0,0,0,0,0,0,0,0,0,0,0,0,0,0,0,0,0.216274304565458,0,0,0,0,0,0,0,0,0,0,0,0,0,0,0,0,0,0,0,0,0,0
"Vegfa",0,0,0,0,0,0,0,0,0,0,0.579111625391905,0.994003407596781,0.586438808986029,0.498240256679226,0,0,0,0,0,0,0.449599979318678,0,0,0,0,0,0,0,0,0,0,0,0,0,0,0,0,0,0,0,0.122748629768268,0,0,0,0,0,0,0,0,0,0,0,0,0,0,0,0,0,0
"Pdgfa",0,0,0,0,0,0,0,0,0,0,0,0,0,0.883950387248897,0,0,0,0,0,0,0,0,0,0,0,0,0,0,0,0,0,0,0,0,0,0,0,0,0,0,0,0,0,0,0,0,0,0,0,0,0,0,0,0,0,0,0,0,0
"Pdgfb",0,0,0,0,0,0,0,0,0,0,0.693680940404948,0,0,0.703467632835687,0,0,0,0,0,0,0,0,0,0,0,0,0,0,0,0,0,0,0,0,0,0,0,0,0,0,0,0,0,0,0,0,0,0,0,0,0,0.10960023775516,0,0,0,0,0,0,0
"Gpi1",0,0,0,0,0,0,0,0,0,0,0,0,0,0,0,0,0,0,0,0,0,0,0,0,0,0,0,0,0,0,0,0,0,0,0,0,0,0,0,0,0,0,0,0,0,0.0831994139349206,0,0,0,0,0,0,0,0,0,0,0,0,0
"Pkd1",0,0,0,0,0,0,0,0,0,0,0,0,0,0,0,0,0,0,0,0,0,0,0,0,0,0,0,0,0,0,0,0,0,0,0,0,0,0,0,0,0,0,0,0,0,0.137781251203572,0.904228089071809,0,0,0,0,0,0,0,0,0,0,0,0
"Itgb1",0,0,0,0,0,0,0,0,0,0,0,0,0,0,0,0,0,0,0,0,0,0,0,0,0,0,0,0,0,0,0.37047288854909,0.114002546814698,0,0.346889627892154,0.277758086884465,0,0,0,0.0248123450298268,0.0242793729773577,0.0195302857364874,0,0.115631332489491,0.0191046837392178,0,0,0,0,0,0,0,0,0,0,0,0,0,0,0
"Clstn1",0,0,0,0,0,0,0,0,0,0,0,0,0,0,0,0,0,0,0,0,0,0,0,0,0,0,0,0,0,0,0.252443677350958,0.207394557196874,0,0,0,0,0,0,0,0,0,0,0,0,0,0,0,0,0,0,0,0.179146242106199,0,0,0,0,0,0,0
"Trf",0,0,0,0,0,0,0,0,0,0,0,0,0,0,0,0,0,0,0,0.181684131596002,0,0,0,0,0,0,0,0,0,0,0,0.222019441439261,0,0,0,0,0,0,0,0,0,0,0,0,0,0,0,0,0,0,0,0,0,0,0,0,0,0,0
"Tnfsf14",0,0,0,0,0,0,0,0,0,0,0,0,0,0,0,0,0,0,0,0,0,0,0,0,0,0,0,0,0,0,0,0,0,0,0,0,0,0,0,0,0,0,0,0,0,0,0,0,0,0.686973451503675,0,0,0,0,0,0,0,0,0
"Sell",0,0,0,0,0,0,0,0,0,0,0,0,0,0,0,0,0,0,0,0,0,0,0,0,0,0,0,0,0,0,0,0,0,0,0,0,0,0,0,0,0,0,0,0,0,0,0,0,0,0,0,0,0,0,0,0,0,0,0.782985879653018
"Pcdh1",0,0,0,0,0,0,0,0,0,0,0,0,0,0,0,0,0,0,0,0,0,0,0,0,0,0,0,0,0,0,0,0,0,0,0,0,0,0,0,0,0,0,0,0,0,0,0,0,0,0,0,0,0,0,0,0.224430445841333,0,0,0
"Osm",0,0,0,0,0,0,0,0,0,0,0,0,0,0,0,0,0,0,0,0,0,0,0,0,0,0,0,0,0.540864262754444,0.759289350533282,0,0,0,0,0,0,0,0,0,0,0,0,0,0,0,0,0,0,0,0,0,0,0,0,0,0,0,0,0
"Nptn",0,0,0,0,0,0,0,0,0,0,0,0,0,0,0,0,0,0,0,0,0,0,0,0,0,0,0,0,0,0,0,0,0,0,0,0,0,0,0,0,0,0,0,0,0,0,0,0,0,0,0,0,0,0,0.374545886234433,0,0,0,0
"Mapt",0,0,0,0,0,0,0,0,0,0,0,0,0,0,0,0,0,0,0,0,0,0,0,0,0,0,0,0,0,0,0,0,0,0,0,0,0,0,0,0,0,0,0,0,0,0,0,0,0,0,0,0,0,0,0,0,0,0.0193483307384874,0
"Nectin2",0,0,0,0,0,0,0,0,0,0,0,0,0,0,0,0,0,0,0,0,0,0,0,0,0,0,0,0,0,0,0,0,0,0,0,0,0,0,0,0,0,0,0,0,0,0,0,0,0,0,0,0,0,0.191739594460118,0,0,0,0,0
"Fgf1",0,0,0,0,0,0,0,0,0,0,0.148817687430665,0,0,0,0.682507628090637,0,0,0.48822138931653,0,0.395168664691792,0.321003407547652,0.240017618338431,0,0,0,0,0,0,0,0,0,0,0,0,0,0,0,0,0,0,0,0,0,0,0,0,0,0,0,0,0,0,0,0,0,0,0,0,0
"Fgf2",0,0,0,0,0,0,0,0,0,0,0.148817687430665,0,0,0,0.623245513063781,0,0,0,0.306495006314527,0.470096634040453,0.112880716785694,0.321994839521182,0,0,0,0,0,0,0,0,0,0,0,0,0,0,0,0.442285642864922,0,0,0,0,0,0,0,0,0,0,0,0,0,0,0,0,0,0,0,0,0
"Apoe",0,0,0,0,0,0,0,0,0,0,0,0,0,0,0,0,0,0,0,0.334351111240988,0.336985988193485,0.210881047368993,0,0,0,0,0,0,0,0,0,0,0,0,0,0,0,0,0.188180394085623,0,0,0,0,0,0,0,0,0,0,0,0,0.585898822136642,0,0,0,0,0,0,0
"Pecam1",0,0,0,0,0,0,0,0,0,0,0,0,0,0,0,0,0,0,0,0,0.23819122807329,0.178098082222914,0,0,0,0,0,0,0,0,0,0,0,0,0,0,0,0,0,0,0.146999682235942,0,0,0,0,0,0,0,0,0,0,0,0,0,0,0,0,0,0
"Bmp4",0,0,0,0,0,0,0,0,0,0,0,0,0,0,0.172736485781365,0,0,0,0,0,0,0,0,0,0,0,0,0,0,0,0,0,0,0,0,0,0,0,0,0,0,0,0,0,0,0,0,0,0,0,0,0,0,0,0,0,0,0,0
"Flrt2",0,0,0,0,0,0,0,0,0,0,0,0,0,0,0.127721164100967,0,0,0,0,0,0,0,0,0,0,0,0,0,0,0,0,0,0,0,0,0,0,0,0,0,0,0,0,0,0,0,0,0,0,0,0,0,0,0,0,0,0,0,0
"Cdh1",0,0,0,0,0,0,0,0.230756591247301,0.306471879579081,0,0,0,0,0,0.315415639604708,0.635170243331014,0,0,0,0,0,0,0,0,0,0,0,0,0,0,0,0,0,0,0.22526283440201,0,0,0,0,0,0,0,0,0,0,0,0,0,0,0,0,0,0,0,0,0,0,0,0
"Fgf7",0,0,0,0,0,0,0,0,0,0,0.148817687430665,0,0,0,0.46912724889491,0.2911276527612,0,0,0,0,0,0,0,0,0,0,0,0,0,0,0,0,0,0,0,0,0,0,0,0,0,0,0,0,0,0,0,0,0,0,0,0,0,0,0,0,0,0,0
