"Acta2" "Cnn1" "Col1a1" "Col1a2" "Col3a1" "Eln" "Fbn1" "Fn1" "Hspb1" "Loxl1" "Ptpn1" "Serpine1" "Serpine2" "Tagln" "Thbs1" "Timp1" "Vim" "Actb" "Adamts2" "Ccnd2" "Fam129b" "Id3" "Pfn1" "Sept9" "Stat3" "Tnc" "Tubb5" "Adamts1" "Adamts4" "Bgn" "C1ra" "Col8a1" "Mmp14" "Sdc4" "Fgf18" "P4hb" "Tgfb2" "Adamts9" "Il6st" "Tubb3" "Eif4ebp1" "Eef1a1" "Cavin3" "Col18a1" "Rgs2" "Rcan1" "Tnfrsf12a" "Tagln2" "Tgfb3"
"Plau" 0.00409108704787506 0 0.00129092114277536 0.00450608085517301 0.00518332917048412 0 0 0.00220155418138859 0.00115026430549251 0 0.00137977217332108 0.00201731996265764 0 0 0.00129931585123495 0 0.00153356217232183 0.001713731925587 0 0.00158595495337436 0.00161062106768345 0.00179817044339678 0.00161368535321471 0.00186216280525512 0.00214584828483434 0 0.00176779015785938 0 0 0 0 0 0 0.00146467397940956 0 0 0.0011878665869129 0 0 0.00122123725862716 0 0.00139663811796756 0 0.00132869359411264 0 0.00185091098859637 0.0016055433699286 0.00138478863960312 0
"Cxcl12" 0 0 0 0 0 0 0 0 0 0 0 0.00239768186755723 0 0 0 0 0 0 0 0 0 0.00125994899055875 0 0.0011601522073437 0.00123961910305868 0 0 0 0 0 0 0 0.00206926318512956 0 0 0 0 0 0 0 0 0 0 0 0 0 0 0 0
"Plat" 0 0 0 0 0 0 0 0.00135938890027968 0 0 0 0.0016873298328899 0 0 0 0.00376305192776554 0 0.00133851398311272 0 0.00137187945835533 0.00118321810716416 0.00148462046055328 0.00130243540425315 0.00132800761722797 0.00145874006662057 0 0.00117253535851988 0 0 0 0 0 0 0 0 0 0 0 0 0 0 0 0 0 0 0 0 0.00119455385018028 0
"Fgf7" 0 0 0 0 0 0.00228038570568765 0 0 0 0 0 0 0 0 0 0 0 0 0 0.0012159483525626 0 0.00137098179705884 0 0 0.00119302430308092 0 0 0 0 0 0 0 0 0 0 0 0 0 0 0 0 0 0 0 0 0 0 0 0
"Pgf" 0 0 0.00124554231609147 0 0 0 0 0.00162008829024104 0 0 0.00118301492678738 0.00298476130021424 0 0 0.00118249421152667 0 0.00129305591381798 0.00158456810076445 0 0.00158261528462413 0.00132586828551885 0.00157292839406298 0.00126203699620948 0.00149788077948466 0.00165746310983866 0 0.00147997949280216 0 0 0 0 0 0 0.00128692593152622 0 0 0.00123442754740235 0 0 0 0 0 0 0.0012653313147253 0 0 0.00121742381247097 0 0
"Itgb7" 0 0 0 0 0 0 0 0 0 0 0 0 0 0 0 0 0 0 0 0 0 0.00126248559824723 0 0 0 0 0 0 0 0 0 0 0 0 0 0 0 0 0 0 0 0 0 0 0 0 0 0 0
"Gas6" 0 0 0 0 0 0 0 0 0 0 0 0.00118647136625684 0 0 0 0 0 0.00118582420122749 0 0.00118968747540761 0 0.00126816267266571 0 0 0 0 0 0 0 0 0 0 0 0 0 0 0 0 0 0 0 0 0 0 0 0 0 0 0
"Tnc" 0 0 0 0 0 0 0 0.00118045399455545 0 0 0 0.00123119974798745 0 0 0 0 0 0 0 0 0 0.00129575832932872 0 0.00115109290302307 0.0011947186376415 0 0 0 0.00215980689639087 0 0 0 0 0 0 0 0 0 0 0 0 0 0 0 0 0 0 0 0
"Bmp4" 0.00413856235093631 0 0.00121880167980661 0 0 0 0 0.00163746098150271 0.00117002692956243 0 0.00126445786091884 0.00195808310737064 0 0 0.00126015879274672 0 0.00141076215863066 0.00167989700560281 0 0.00155066769729061 0.00146956587216526 0.0031134178316229 0.00143300676592414 0.00165073318849144 0.00162014508547404 0.00116055854158314 0.00153711971467272 0 0 0 0 0 0 0.0012936804397207 0 0 0.00129035136807453 0 0 0 0 0.00136342920536041 0 0.00141224794239243 0 0 0.00138586600501744 0.00135165136015141 0
"Inhba" 0 0 0.00123346019800764 0 0.00118150903970432 0.0011940241331696 0 0.00162679185350827 0.00115625835808672 0 0 0.00495713341653815 0 0 0.00124686314048462 0 0.00141502016057162 0.00186551860441827 0 0.00131327675866397 0.0013823997309896 0.00240448006957137 0.00142253078270862 0.00148875700115543 0.00146236816878032 0.00175388027239287 0.00145709526708622 0 0 0 0 0 0 0 0 0 0.00154414613935277 0 0 0 0 0.00124112736192723 0 0.0016276134561876 0 0 0.00135021350313777 0.00155349826565457 0.00122452645181964
"Col5a3" 0 0 0 0 0 0 0 0.00115700867749609 0 0 0 0.00149563868857533 0 0 0 0 0 0.00116270260705026 0 0 0 0.00152580908663418 0 0 0 0 0 0 0 0 0 0 0 0 0 0 0 0 0 0 0 0 0 0 0 0 0 0 0
"Lgals3" 0.00369334273006367 0 0 0 0 0 0 0 0 0 0 0.00117724145813248 0 0 0 0 0 0 0 0 0 0.00116505245618983 0 0 0 0 0 0 0 0 0 0 0 0 0 0 0 0 0 0 0 0 0 0 0 0 0 0 0
"Ccl5" 0 0 0 0 0 0 0 0 0 0 0 0.00130513854165756 0 0 0 0 0 0 0 0 0 0.0012281465197525 0 0 0.00399474385449417 0 0 0 0 0 0 0 0 0 0 0 0 0 0 0 0 0 0 0 0 0 0 0 0
"Gmfb" 0 0 0 0 0 0 0 0.00130616209103307 0.00115034892481608 0 0 0.00166968055547085 0 0 0 0 0.00128875988543163 0.00146436565661762 0 0.0013897080667851 0.0012590183157614 0.00149349716164946 0.00132626750936323 0.00145263552012441 0.0014204297335978 0 0.00142819368202294 0 0 0 0 0 0 0.00116879947981559 0 0 0 0 0 0 0 0 0 0.00118815372716528 0 0 0.00117495971312081 0.0011755126647806 0
"Pecam1" 0 0 0 0 0 0 0 0.00131195359400342 0 0 0 0.00128482273166305 0 0 0 0 0 0.00121796562353523 0 0.00146902044363966 0 0.00134376116413128 0 0.00128203033587303 0.00136907262708369 0 0 0 0 0 0 0 0 0 0 0 0 0 0 0.00205230637978658 0 0 0 0 0 0.00208057750040458 0 0 0
"Col1a1" 0 0 0.00121792438641781 0 0 0 0 0.00126103812414002 0 0 0 0.00163313611661382 0 0 0 0 0.00118511499633115 0.00150260770807709 0 0.00132058208626764 0.00161247648963833 0.00175139390541851 0.0014147910999898 0.00161602272528746 0.00143435569017924 0 0.00124647641827163 0 0 0 0 0 0 0.00156369744464397 0 0 0 0 0 0 0 0 0 0.00131242326317063 0 0 0 0.00142931651634521 0.00222977363881853
"Dll4" 0.00136356646032595 0 0.00151651609004675 0.0011644873402714 0.00124343351068 0.00120201100803563 0 0.00269630698677478 0 0.0011990123001011 0.001185202885672 0.00192998991652903 0 0 0.00159146843268634 0 0.0017665762779185 0.00185625641413516 0 0.00153991429545007 0.00174999296331799 0.00186698453958195 0.00137749901709754 0.0019189909469028 0.00161369190326361 0.00126860578117885 0.00218455968345461 0 0 0 0 0 0 0.00128214874985569 0.00127484197413096 0 0.00155703267830529 0 0 0 0.00122029356988488 0.00125897370426649 0 0.0013602375603735 0 0 0.00185610981999254 0.00154348887308327 0.00127511892957142
"Fn1" 0 0 0 0 0 0 0 0 0 0 0 0 0 0 0 0.00355817317440741 0 0 0 0 0 0 0 0 0 0 0 0 0 0 0 0 0 0 0 0 0 0 0 0 0 0 0 0 0 0 0 0 0
"Tfpi" 0 0 0 0 0 0 0 0.00124170609696535 0 0 0.00115512346338076 0.0017577801539414 0 0 0 0 0 0.00117336021905381 0 0.00138520675914234 0 0.0014788268531397 0.00124833822055593 0.00132707590588713 0.00139376860251568 0 0.00117184889209247 0 0 0 0 0 0 0.00120645447726766 0 0 0 0 0 0 0 0 0 0 0 0 0 0 0
"Hc" 0 0 0 0 0 0 0 0 0 0 0 0 0 0 0 0 0 0.00197842523846087 0 0 0 0 0 0 0 0 0 0 0 0 0 0 0 0 0 0 0 0 0 0 0 0 0 0 0.00175817396763475 0 0 0 0
"Rtn4" 0 0 0 0 0 0 0 0 0 0 0 0 0 0 0 0 0 0 0 0 0 0 0 0 0.00365410918089921 0 0 0 0 0 0 0 0 0 0 0 0 0 0 0 0 0 0 0 0 0 0 0 0
"Bmp5" 0 0 0.00130880900456383 0 0.00128247069133391 0 0 0.00173927493694213 0 0 0 0.0021444234285971 0 0 0.00132469264528377 0 0.00148929278169747 0.00185652795516258 0 0.00147560985021357 0.00157497733933868 0.00222982228286429 0.00142784217792205 0.00153997590500088 0.00140774409926349 0.00168013882351154 0.00126177239442707 0 0 0 0 0 0 0.00130951089562654 0 0 0.00164098487142929 0.00124753550802837 0.00116282366739539 0 0 0.00137928448598854 0.00201806875611834 0.00177474943881919 0 0.00139040818500106 0.00151887425486147 0.00167560968229711 0
"Hmgb1" 0.00446418320189581 0 0.00156865800988409 0.00475573633823363 0.0051460437121562 0.00125569858199799 0 0.00195162346494514 0.00157444452961575 0.00117067048172906 0.0017377269476138 0.00224497051032758 0 0 0.00178296987942701 0 0.00180066031488312 0.00224754285905749 0.0013123319917165 0.002045893604553 0.00204858606060569 0.00243710231296217 0.00202998881384803 0.00204325486772582 0.00210359138283426 0.0013653832452144 0.00210352799194836 0 0.00156235298826288 0 0 0 0.00140953025422483 0.00165823063278291 0 0 0.00150320191209134 0 0.00121697786839294 0 0 0.00172126792539754 0 0.0016833063062463 0 0.00159633277520012 0.00165626645284002 0.00162298188378865 0.00157044032667368
"Timp1" 0 0 0 0 0 0.00234889399957674 0.00219551364437295 0 0 0 0 0.00141850176658058 0 0 0 0 0 0.0012025586558728 0 0.00123085114254304 0 0.00150295758249535 0.00118860312839794 0.00121392884924285 0.00126656028393218 0 0.00115012204897536 0 0 0 0 0 0 0 0 0.00192681678723294 0 0 0 0 0 0 0 0 0 0 0 0 0
"Pdgfb" 0.00401243838224681 0 0.00417536407881862 0 0 0 0 0.00132765694970675 0 0 0.0011770573411103 0.00156817640621023 0 0 0 0 0 0.00134724812981761 0 0.00429672473558718 0.00118194491140881 0.00159394092011876 0.00118626414954706 0.00142416720260589 0.00160807722346649 0 0.00135624863183566 0 0 0 0 0 0 0.00124334405084519 0 0 0 0 0 0 0.00404905991483203 0 0 0 0 0 0 0.00117211390773972 0
"Mmp9" 0.00387865172969125 0 0 0 0 0 0 0.00121538013297602 0 0 0 0.00143870335246138 0 0 0 0.00379242755032811 0 0.00136532258067635 0 0.00116104928125516 0.00120095347038088 0.00136684470328049 0.00123962414145568 0.00131775964713932 0.00125381424028079 0 0.00119742703413151 0 0 0 0 0 0 0 0 0 0 0 0 0 0 0 0 0 0 0 0 0 0
"Fgf2" 0 0 0.00228653722799215 0.00225688661748847 0 0 0 0.0014337325430763 0.00117031177800091 0 0.00119157330221776 0.00561307382358825 0 0 0.00246573601933631 0.00209778431201249 0.00121929254447143 0.0014694956705675 0 0.00261560597912654 0.00129258483736188 0.00175528603823209 0.00128777347451712 0.00148156016694361 0.00155513619687575 0.00245508572184439 0.00145246228974306 0 0.00238793670167162 0.00244344294139355 0 0 0 0.00256339895730747 0 0.00201522497073303 0 0 0 0.00421537475789787 0 0 0 0.00117025777011331 0 0 0.00123904410968292 0.00124360771361438 0
"Osm" 0.00122982650500384 0 0.00128129722667954 0 0 0.0012065758378941 0 0.00165470380371374 0.0016753413168012 0 0.00170217312276465 0.00188403613626777 0 0 0.00131440585765175 0.00575092635394113 0.00275861619400152 0.00184088558226187 0 0.00177674800528969 0.00154010059055947 0.0021060381469725 0.00134769918760264 0.0018026525636716 0.00220862111318908 0 0.00173566486730005 0 0.00645637997940221 0 0 0 0 0.00163406003522205 0 0.00215800536608544 0.00124134556450199 0.0028912166649987 0.00266824514701185 0 0 0.00124197782331518 0 0.00137966965858044 0 0.00133822839747805 0.00118250389572063 0.0014918933348859 0.00132548277051298
"Edn1" 0 0 0.00406632226576029 0.00430284300218838 0.00507425261027675 0 0 0.00127971483878582 0 0 0 0.00154295705737696 0 0 0 0.00195713366293793 0.00214614830596564 0.00119186886368411 0 0.00118816643119783 0 0.00140391789878661 0.00120159539202971 0.00119475334146133 0.00128419389958732 0 0.00125963308360365 0 0 0 0 0 0 0 0 0 0 0 0 0 0 0 0 0 0 0 0 0 0
"Vwf" 0.00376622506227698 0 0.00384617150905376 0 0 0 0 0 0 0 0 0.00128357640960157 0 0 0 0 0 0 0 0.00118071999362242 0 0.00125103675654099 0 0 0 0 0 0 0 0 0 0 0 0 0 0 0.00421558763554107 0 0 0 0 0 0 0 0 0 0 0 0
"Tgfb2" 0.00426472021027771 0 0.00576007370235692 0.00577280511684245 0 0.00116495667700662 0.00500298343691173 0.0048917055913293 0.00141106259560602 0 0.00469626684766751 0.00604055454509207 0 0 0.00135638336781128 0.0021985662674196 0.00167075884910359 0.00183006461202542 0 0.00170565816448646 0.00152045450412193 0.00229373581544947 0.00160496966216414 0.0017420769136518 0.00189450938318816 0.00273951091521325 0.00159702134242239 0 0 0.00251060727027853 0 0 0 0.00134645886362412 0 0.00210587522167556 0.00481347776799212 0 0 0 0 0.00152379385965225 0 0.00129190673912139 0 0.00153200399014485 0.00129475943414214 0.0014083566203029 0.00117853227201675
"Tgfb3" 0.00407582238883859 0 0.00123585671162163 0 0 0 0 0.00446920500700439 0.00116525261872864 0 0 0.00474246844207253 0 0 0 0 0.00132242544024724 0.00171215492557961 0 0.00125994327621658 0.0012831778123221 0.00202957344950618 0.0013860823839256 0.00143225240943012 0.00129444341593659 0.00642598074252033 0.00136146995552084 0 0 0 0 0 0 0 0.00231236724848962 0.00205980992087896 0.0013767278673098 0 0 0 0 0.00126014374907011 0 0.00129165322023693 0 0.00115794050756343 0.00118897882277208 0.00128860596609987 0
"Il1b" 0 0 0.00432704969277202 0 0.00516287095521492 0.00695102019209374 0 0.00471508674511481 0.00138530686369735 0 0.00147280954722449 0.00582539956101891 0 0 0.00145961489039303 0.00519880978995069 0.00140556229643095 0.00174793447157904 0 0.00169003370985696 0.00151908690638467 0.00481314634896284 0.00161909072056996 0.001727476436862 0.00456753520907281 0.00251226830862568 0.00158594809031943 0.00610819585501071 0.0062124402077904 0.00556725311719056 0.00482734984999481 0.00551197772515991 0.00488326992590717 0.00476448440552877 0 0 0.00124837658132785 0 0 0 0 0.00130349768813734 0 0.00140493659882632 0 0.00128859572181452 0.00254872960636661 0.00135759262380025 0
"Spp1" 0 0 0 0.00421524682203956 0.00495879526473618 0.0049989028848838 0 0.00125375186388455 0 0 0 0.00152723633884689 0 0 0.00424683178350971 0.00377514477134519 0.00118931505083177 0.0014557991705183 0.00507234073704876 0.00132470875953889 0.00120316975019438 0.0014267373474043 0.00123120779421862 0.00133409872616051 0.0013077419881286 0.00447159030759513 0.00133668505344441 0 0 0 0 0 0 0 0 0 0 0 0 0 0 0 0 0 0 0 0 0 0
"Tgfb1" 0.00418218125163802 0.00634917191248868 0.00551568106052913 0.00782831487095467 0.00527727585757168 0.00698701226936435 0.00494533872999235 0.00583983968729012 0.0058713530651132 0.00488498989928621 0.00473014803619885 0.00587025025317145 0.00452512600179892 0.00666074381041192 0.00592596870735485 0.00514659632818426 0.00539500587814721 0.00296597953804268 0 0.00157270359399169 0.00149136829657546 0.00311605929807148 0.00149627334430383 0.00168793008127137 0.00273917272899772 0.00263948532009254 0.00163917850063023 0 0.00246276587944742 0.00255800440815857 0 0.00280551947762687 0 0.00128919601651315 0.00253427280514292 0 0.00128689244248201 0 0 0 0 0.00137513480490137 0 0.00138206816395869 0 0.00120977130048633 0.00264835032139451 0.0014048054064054 0.00247205537796065
