"Actb" "Anln" "Birc5" "Ccnb2" "Cenpe" "Cenpf" "Lmna" "Mcm7" "Mki67" "Prc1" "Racgap1" "Top2a" "Tpx2" "Tyms" "Fn1" "Pfn1" "Serpine1" "Tnc" "Tubb5" "Eln" "Vasp" "Gnas" "Ldha" "Nme1" "Rps2" "Fabp4" "Loxl2" "Vim" "Tm4sf1" "Gap43" "Sept10" "Tmem176b" "Cda" "Col4a2" "Col18a1" "Arpc2" "Eef1a1" "Srsf2" "Cdh5" "Txn1"
"F11r" 0.00112993044629864 0 0 0 0 0 0.00123115153757467 0 0 0 0 0 0 0 0.00114430077265774 0.0010345896140857 0.00127654533485569 0 0.00104991477401341 0 0 0 0 0 0 0 0 0 0 0 0 0 0 0 0 0 0 0 0 0
"Hc" 0.00197842523846087 0 0 0 0 0 0 0 0 0 0 0 0 0 0 0 0.00104383446238057 0 0 0 0 0 0 0 0 0 0 0 0 0 0 0 0 0 0 0 0 0 0 0
"Pcdh1" 0.00130990616096732 0 0 0 0 0 0.00134707534433992 0 0 0 0 0 0 0 0.00103965134935404 0.00104015187847841 0.00146443774054937 0.00107349084818532 0.00113651063837519 0 0.00102255171118882 0.00106603707303831 0 0 0 0 0 0.00104771033667529 0.00120911185686436 0 0 0 0 0 0.00104704148537932 0 0 0 0 0
"Ntn1" 0.0010058150558532 0 0 0 0 0 0.00108073691212051 0 0 0 0 0 0 0 0 0 0.00103028566136554 0 0 0 0 0 0 0 0 0 0 0 0 0 0 0 0 0 0 0 0 0 0 0
"Itgam" 0.00115234982413562 0 0 0 0 0 0.00125403050002514 0 0 0 0 0 0 0 0.001128916647372 0.00105569737502626 0.00129361657925824 0 0.00104286075015005 0 0.00103944425349614 0 0 0 0 0 0 0.00107999660187595 0.000976467988596695 0 0 0 0 0 0 0 0 0 0 0
"Adam17" 0.00152012849124405 0 0.00100850704017858 0 0 0 0.0015406909372773 0.00122399280122366 0 0 0 0 0 0 0.00144290224621979 0.0013662293519631 0.00158197397882198 0.00241628545664076 0.00141663374064695 0 0.00133463353805551 0.00117360891094602 0 0 0.000988773461684712 0 0 0.00126344713866316 0.00121571011822464 0 0 0 0 0 0.00107690827139091 0 0.0011028960080495 0 0 0
"Nampt" 0.00177084597269327 0 0.00127501054944637 0 0 0 0.00195344764718289 0.00144211981807589 0 0 0.000984811184644457 0.00123087864166384 0 0 0.0015836944212677 0.00167048448810788 0.0020831221604234 0.00101776178672184 0.00168264419669985 0.00103976023014584 0.0016277442214018 0.00135903825589917 0.00120609063936024 0.00123102366497073 0.00119289107438039 0.00492993552203335 0 0.00147060409463266 0.00141327619169525 0 0 0 0 0.00119273038010564 0.00136886036534574 0 0.00140399024422354 0.00134515394965291 0.000995091419698985 0.00107037439370747
"Mapt" 0.00123212111036657 0 0 0 0 0 0.0013110676850688 0.000978306398058415 0 0 0 0 0 0 0.001047798201413 0.00115317136762415 0.00127572642835293 0 0.00111676570869437 0 0.00105489492447506 0.00102265071953133 0 0 0 0 0 0.00102588018919457 0 0 0 0 0 0 0.00101997722685597 0 0 0 0 0.00431627938629702
"Hmgb1" 0.00224754285905749 0.0011556540597331 0.00152586925348553 0 0 0.00100724033744793 0.00225278350968699 0.00185463390609917 0 0 0.00108595560783858 0.00135136890929912 0.00102768686661935 0.00101199703251945 0.00195162346494514 0.00202998881384803 0.00224497051032758 0.0013653832452144 0.00210352799194836 0.00125569858199799 0.00197795419363264 0.00170276955605402 0.00134937039522869 0.00160599741967842 0.00152232225943723 0.00102833766518658 0 0.00180066031488312 0.00177955211285578 0.00122022331928123 0 0 0 0.00143155244986096 0.0016833063062463 0 0.00172126792539754 0.00145971488110999 0.00569040942754688 0.00116654675093612
"Flrt2" 0.000974732826240313 0 0.000983998024542859 0 0 0 0.0011051511077424 0.00114310319106345 0 0 0 0 0 0 0 0 0 0 0.00113703684616184 0 0 0 0 0 0 0 0 0 0 0 0 0 0 0 0 0 0.00116129487236957 0.00099923281648848 0 0
"Igf1" 0.00153799856436559 0 0.00748036678191833 0 0.0045075249761673 0 0.00155503869696097 0.00124746083262362 0.00440657855835713 0.00427446853013689 0 0 0 0 0.00145617974444521 0.00131934841312655 0.00461330400646004 0.000977466214819153 0.00141273719662633 0 0.00125469747305283 0.00116228085997985 0.00107459727549911 0.00108182488732461 0.000997403443057027 0 0.00525123409056269 0.00119294711815273 0.00119174666046206 0 0 0.00533784447808906 0 0.000989558015403507 0.00121313841863498 0 0.00441346747794287 0.000998047416567872 0 0.000972753523397737
"Yars" 0.00103185817592897 0 0 0 0 0 0.00118747027906698 0 0 0 0 0 0 0 0.00117306738261956 0 0.00130132172395418 0 0.00112218224299495 0 0 0 0 0 0 0 0 0 0 0 0 0 0 0 0 0 0 0 0 0
"Rps19" 0.00100367974280875 0 0 0 0 0 0.00109043188819073 0 0 0 0 0 0 0 0 0 0.00100410144491025 0 0.00098840584894302 0 0 0 0 0 0 0 0 0 0 0 0 0 0 0 0 0 0 0 0 0
"Aimp1" 0.000979952541562362 0 0 0 0 0 0.00112974921564656 0 0 0 0 0 0 0 0 0 0.00111150102224077 0 0.000994972561572203 0 0 0 0 0 0 0 0 0 0 0 0 0 0 0 0 0 0 0 0 0
"Slit2" 0.0016460158491638 0 0.0012131846357004 0 0 0 0.00157673521249684 0.00116372224881963 0 0 0.000989613945865547 0 0 0 0.00116480582635178 0.0015258116922713 0.00165966649690707 0 0.00137584865860485 0 0.00140659424353612 0.00118332638655727 0.00114444995465575 0.00150154843521387 0.00114864841216208 0 0 0.00106082984619768 0.0010411060243226 0 0 0 0 0.00105976724446584 0.00110655011265273 0 0.00118587312081492 0.00100974429491022 0.001204817192079 0
"Dll1" 0.00179543481333771 0.00118793343872671 0.00108555683693654 0 0 0 0.00197979146092562 0.00124746411194614 0 0 0 0.00111330804010392 0 0 0.00162161267721719 0.00130590349484466 0.0016836767215375 0.00114705043021766 0.00162313855129753 0.00100289041973947 0.00151129731560591 0.00159728530778475 0.00105984292157507 0.00113933411058159 0.00115097293757836 0 0 0.00146070062214552 0.00118575281207843 0.00107338958180742 0 0 0 0.00103264354280748 0.00118395736710442 0 0.00112849289832394 0.00107909559503252 0 0.00117233930324085
"Gmfb" 0.00146436565661762 0 0.00107497739917456 0 0 0 0.00157370325653899 0.00120626948509058 0 0 0 0 0 0 0.00130616209103307 0.00132626750936323 0.00166968055547085 0.000999534339465711 0.00142819368202294 0 0.00134438463674558 0.00122241312625556 0.000975465521161652 0.00100444221131406 0 0 0 0.00128875988543163 0.00119971916877171 0 0 0 0 0 0.00118815372716528 0 0.00109783391467758 0 0 0
"Grem1" 0.00115716355890302 0 0.00113021939200732 0 0 0 0.00134131772008792 0 0 0 0 0 0 0 0.00107665739697066 0.0012201237774388 0.00132459720552435 0.00436743662988051 0.00115446484457715 0.00111117550230422 0.0010073506322073 0.00104233964423967 0.000973999319485499 0 0.00102029793078208 0 0 0.00102667214213015 0.00107537688874246 0.00102551037770624 0 0 0 0 0.00103306095582951 0 0 0 0 0
"Sema3f" 0 0 0 0 0 0 0.00101466416856056 0 0 0 0 0 0 0 0 0 0.000978233645032431 0 0 0 0 0 0 0 0 0 0 0 0 0 0 0 0 0 0 0 0 0 0 0
"Rtn4" 0 0 0 0 0 0 0 0 0 0 0 0 0 0 0 0 0.00102847438417239 0 0 0 0 0 0 0 0 0 0 0 0 0 0 0 0 0 0 0.00175774760434116 0 0 0 0
"Clstn1" 0.00126964086548004 0 0.00103805815316027 0 0 0 0.0014228062489851 0.00111856669896035 0 0 0 0 0 0 0.00106404292851952 0.00121950907195295 0.00122724039681923 0 0.00122918313304998 0 0.00104114906020053 0.00117728352424553 0.0010049509503756 0.00109399135932702 0 0 0 0.00099667344371411 0.000989399705497341 0 0 0 0 0 0.00131958192689657 0 0 0.00105252639131044 0 0
"Nid1" 0.00123564708620085 0 0 0 0 0 0.00124402007250679 0.00101133549161546 0 0 0 0 0 0 0.00128306260991774 0.00112635505900483 0.00132753110917465 0 0.00128907977510797 0 0.00107240504471443 0.00108652677756101 0.000983268504863189 0 0.00106571463257479 0 0 0.00103202861531701 0 0 0 0 0 0.00124289887545935 0.000979873690834419 0 0 0 0 0
"Ptprf" 0.00126970680747263 0 0.0011681899966901 0 0 0 0.00125201437082661 0.00108586490289768 0 0 0 0 0 0 0.00134453857210543 0.00111253696041319 0.00122533242559474 0 0.00111232546847081 0 0.000983139824935452 0.00100830049190457 0 0 0 0 0 0.00102466550237222 0.000986744724282238 0 0 0 0 0 0.000998373193749292 0 0.000976782418328564 0 0 0
"Tnfsf13b" 0.00118100036603681 0 0 0 0 0 0.00133827636679014 0 0 0 0 0 0 0 0.00109533833164278 0.00117966156174943 0.00136500910715811 0 0.00116128244547727 0 0.00105072431696286 0 0 0 0 0 0 0.00102640481206579 0.00101497937423155 0 0 0 0.00213274018628288 0 0.000987842684639808 0 0 0 0 0
"Cadm1" 0.00121345587706799 0 0 0.00444948960037891 0 0 0.00117979291309613 0 0 0 0 0 0 0 0.000983357938713683 0.00102183400052164 0.00105370139983553 0 0.00108208347150505 0 0.00101007664670992 0.00497279866418111 0 0 0 0 0 0 0 0.00527525383786957 0.00509513431535997 0.00568193305502571 0 0 0 0.00452111706124435 0 0 0 0
"Arf1" 0 0 0 0 0 0 0.000981688948170969 0 0 0 0 0 0 0 0 0 0.000979161565898209 0 0 0 0 0 0 0 0 0 0 0 0 0 0 0 0 0 0 0 0 0 0 0
"Itgb1" 0.00105680613317923 0 0.00391044999190605 0 0 0 0.00115612719647975 0 0 0 0 0 0 0 0 0 0.00107956227691662 0 0 0 0 0 0 0 0 0 0 0 0 0 0 0 0 0 0 0 0 0 0 0
"Dll4" 0.00185625641413516 0.00110891487811119 0.00128216891993074 0 0 0 0.00202504729814474 0.00160681260358537 0 0 0 0.00123589052088799 0 0.001098958613636 0.00269630698677478 0.00137749901709754 0.00192998991652903 0.00126860578117885 0.00218455968345461 0.00120201100803563 0.00169125364199352 0.00191115248911308 0.00125021253953696 0.00136851061897578 0.00141480378805595 0 0 0.0017665762779185 0.00134108483075375 0 0 0 0 0.00102875998261959 0.0013602375603735 0 0.00125897370426649 0.00100740419856538 0.00105300591648601 0.000988758341041561
"Tgfb1" 0.00296597953804268 0.000980828881387461 0.00125783445363594 0 0 0 0.00180035545017696 0.00134556500806036 0 0 0 0.000991184563641443 0 0 0.00583983968729012 0.00149627334430383 0.00587025025317145 0.00263948532009254 0.00163917850063023 0.00698701226936435 0.00154803841155808 0.00129140126221758 0.00116525920248271 0.00433370091195563 0.00109265974293731 0.00465532966675315 0.00519585533520799 0.00539500587814721 0.00130791091179883 0 0 0 0 0.00101340973348201 0.00138206816395869 0 0.00137513480490137 0.00107968108799692 0.00265996731625495 0.0010515729946795
"Manf" 0.00100631839929851 0 0 0 0 0 0.00138374486081799 0 0 0 0 0 0 0 0.00108881098928279 0.00122199253411193 0.00121877003942938 0 0.0011251219272539 0 0.00101525552951803 0.00108073157101956 0.00110041747062286 0.00108082428115221 0.00107664980865046 0 0 0 0.00106193765059585 0 0 0 0 0 0.000973133099199429 0 0 0 0 0
"Spp1" 0.0014557991705183 0 0.000994850745812605 0 0 0 0.00144213193410018 0.00105539508034485 0 0 0 0 0 0 0.00125375186388455 0.00123120779421862 0.00152723633884689 0.00447159030759513 0.00133668505344441 0.0049989028848838 0.00127119297061563 0.00101959110481208 0 0.0010032274635009 0 0 0 0.00118931505083177 0.00103966098444528 0 0 0 0 0 0.00106892208637945 0 0.00112531244598047 0 0 0
"Tgfb3" 0.00171215492557961 0 0.000973619668961799 0 0 0 0.00151856378606806 0 0 0 0 0 0 0 0.00446920500700439 0.0013860823839256 0.00474246844207253 0.00642598074252033 0.00136146995552084 0.00107851761243098 0.00114502240893747 0.00117878296305067 0.00109136303037504 0.00101439269387709 0 0 0 0.00132242544024724 0.00131305082479475 0 0 0 0 0 0.00129165322023693 0 0.00126014374907011 0 0 0
"Hmgb2" 0.00161662305631722 0.00580611897563653 0.010202676300788 0.0109891121085255 0.00611053240775981 0.00596213518831556 0.00160735520476084 0.00570126437795914 0.0111317874203595 0.00579746225178336 0.0112367864518404 0.0108711128393376 0.00586436358655027 0.00617668261227528 0.00142604392664169 0.00134612743585008 0.00133779235442604 0 0.00143231202664415 0 0.00122189800133387 0.00114296411473628 0 0 0.00106504324528444 0.00100896978627785 0 0.0011372062569502 0.00117888411615816 0.00116726804479675 0 0 0 0 0.00109067599585126 0 0.00129753091803727 0.00102878468762061 0 0
