"Aqp4" "Cxadr" "Elf3" "Epha2" "Gja1" "Icam1" "Id1" "Jund" "Per1" "Synpo" "Chil1" "Gadd45g" "Muc1" "Trf" "Cirbp" "F3" "Gsto1" "Hist1h1c" "Lcn2" "Xbp1" "Ager" "Basp1" "Ltf" "Aqp5" "Epas1" "Areg" "Akr1b8" "Ltbr" "Epn3" "Clu" "Scnn1a" "Cd9" "Mal" "Sdc1"
"Efna5" 0 0 0.00105641905717183 0.00135458309859903 0 0.00114191639476242 0.00148992136927701 0.0010188473239772 0.00117244437008099 0 0 0 0.00117608194190344 0 0.00108295996224271 0 0 0 0 0 0 0 0 0 0 0 0 0 0 0 0 0 0 0
"Hbegf" 0 0 0.00118402082437806 0.00132573586962643 0 0.00139941167804101 0.00153363948594909 0.00115633675401586 0.00126217176265295 0.00125242501649584 0 0.00105964686167943 0.0012159887045616 0 0.00109183267356084 0 0 0 0 0 0 0 0 0 0 0 0 0 0 0 0 0 0 0.00102930542504265
"Pf4" 0 0 0 0 0 0.00186589974392343 0.00101535817759043 0 0 0 0 0 0 0 0 0 0 0 0 0 0 0 0 0 0 0 0 0 0 0 0 0 0 0
"Copa" 0 0 0 0 0 0 0.00112212808430672 0 0 0 0 0 0 0 0 0 0 0 0 0 0 0 0 0 0 0 0 0 0 0 0 0 0 0
"Sema5a" 0 0 0 0 0 0 0.00110177009810027 0 0 0 0 0 0 0 0 0 0 0 0 0 0 0 0 0 0 0 0 0 0 0 0 0 0 0
"Fgf2" 0 0 0.00137348816288632 0.00158488236944593 0.00107095323460899 0.00248838117738215 0.00192302889180074 0.00137490775586645 0.00164398867955811 0.0014643995320808 0 0.00123140884550477 0.00140119870929737 0.00248539730008674 0.0013818648305725 0.00112334358693887 0 0 0 0 0.00120373918694814 0 0 0 0.0012179015855135 0 0 0.00104239300978152 0 0 0.00115005577171029 0.00115448774546137 0.00533752414006096 0.00244069056694097
"Vcam1" 0 0 0 0 0 0 0.00108019899185334 0 0 0 0 0 0 0 0 0 0 0 0 0 0 0 0 0 0 0 0 0 0 0 0 0 0 0
"Lamb2" 0 0 0.00119893977672504 0.00146305138363456 0 0.00113807402022363 0.001558599295639 0.00101974968929687 0.00122402650868629 0.00114815000356182 0 0.00105121153315668 0.00141069966747381 0 0 0 0 0 0 0 0.00106093352487013 0 0 0 0.00111668210232605 0 0 0 0 0 0 0.00108544227262172 0 0.00103122815296327
"Hspg2" 0 0 0.00108277723239771 0.00123489168672293 0 0.00103096039081273 0.00155022947839913 0.00123991487003135 0.00108312578230438 0 0 0.00104605892674857 0.00101189426895456 0 0.00103869849155755 0 0 0 0 0 0 0 0 0 0 0 0 0 0 0 0 0 0 0
"Itgb2" 0 0 0.00104902266692262 0.00128251529228418 0 0.00121034151745122 0.00141223905840557 0.00102605213148077 0.00111616225819892 0.00108456963891816 0 0 0.00101653085218883 0 0.00103232030404223 0 0 0 0 0 0 0 0 0 0 0 0 0 0 0 0 0 0 0
"Reln" 0 0 0 0.00122866903968304 0 0.00106065891384448 0.00141312365752416 0 0.0010803006336428 0 0 0 0 0 0 0 0 0 0 0 0 0 0 0 0 0 0 0 0 0 0 0 0 0
"Efna1" 0 0 0 0.00114909314810378 0 0 0.00123984335178481 0 0 0 0 0 0 0 0 0 0 0 0 0 0 0 0 0 0 0 0 0 0 0 0 0 0 0
"Lama1" 0 0 0 0.00109635823235398 0 0 0.00129357052916416 0 0 0 0 0 0 0 0 0 0 0 0 0 0 0 0 0 0 0 0 0 0 0 0 0 0 0
"Wnt4" 0 0 0.00138516748382232 0.00177005206632065 0 0.00137203144943254 0.00199712881253144 0.00141296808422363 0.00153698009498689 0.00123238668692183 0 0.00113623881393065 0.00117655069364732 0 0.00146194364821264 0.00102661344886532 0 0 0 0.00102526939646594 0 0 0 0 0.00114129665581548 0 0 0.00113036906008647 0 0 0.00142326652104646 0.00109622009324448 0 0.00107370386821781
"Hc" 0 0 0 0 0 0 0.00101486936019396 0 0 0 0 0 0 0 0 0 0 0 0 0 0 0 0 0 0 0 0 0 0 0 0 0 0 0
"Nampt" 0 0.0011059236928215 0.00163200426860531 0.0018212422778858 0.00111466920965082 0.0050239544149108 0.00222337488374795 0.00171029730743726 0.00217292285892825 0.0015049320843165 0 0.00144919302512924 0.00145086027009936 0.00108140095470838 0.0018442687602589 0.00134564785268919 0 0.00130551384031736 0 0.00111628139442671 0.00481267219492233 0 0 0 0.00150886229998943 0 0 0.00126526609872223 0.00102315507940029 0.00104790302638813 0.00140272243082756 0.00132832786226396 0 0.00129142495889751
"Vegfa" 0 0 0.00138132568656035 0.0030021255700173 0.0023594748343614 0.002338318134906 0.00286632355230323 0.00129390843058613 0.00149400172174422 0.00143050603226441 0.00234148531507331 0.0010924350923482 0.0012844761199113 0 0.00127897933285294 0.00105949205436051 0 0 0 0 0.00101465010334585 0 0 0 0.00114747958398122 0 0 0 0 0.00217643341410883 0.00104630003464478 0.00105221352592258 0 0.00102002113897023
"Itga4" 0 0 0 0 0 0 0.0011691336408337 0 0 0 0 0 0 0 0 0 0 0 0 0 0 0 0 0 0 0 0 0 0 0 0 0 0 0
"Efnb2" 0 0 0 0 0 0 0.00111592933860491 0 0 0 0 0 0 0 0 0 0 0 0 0 0 0 0 0 0 0 0 0 0 0 0 0 0 0
"Plxnb2" 0 0 0 0 0 0 0.00112903748503506 0 0 0 0 0 0 0 0 0 0 0 0 0 0 0 0 0 0 0 0 0 0 0 0 0 0 0
"Efnb1" 0 0 0 0.00105852607093831 0 0 0.00116971115018271 0 0 0 0 0 0 0 0 0 0 0 0 0 0 0 0 0 0 0 0 0 0 0 0 0 0 0
"Celsr1" 0 0 0.00133503601700804 0.00124915640199434 0.00102006643405623 0 0.00148530451857655 0.00117253996052777 0.00117448914632622 0.0011468795928139 0 0 0.00107146852097436 0 0.00106557741776564 0 0 0 0 0.00107251718953877 0 0 0.00105409581907166 0 0.00107093668615042 0 0 0 0.00115025623862038 0 0.00103047524469163 0 0 0
"Cxcl12" 0 0 0.00114635026217369 0.00119565846547445 0 0.00122619544728706 0.00138431602972385 0 0.00113142892160148 0.00119450752342193 0 0 0.00119719415704238 0 0 0 0 0 0 0 0 0 0 0 0 0 0 0.00237602971550721 0 0 0 0 0 0
"Nectin1" 0 0 0.00111941451231012 0.00120013234042198 0 0.00121411407376731 0.00146614142790636 0.00105200431513526 0.0010505397884019 0.00109106831262237 0 0 0.00105082312018358 0 0.00107480946121363 0 0 0 0 0 0 0 0 0 0 0 0 0 0 0 0 0 0 0
"Yars" 0 0 0.00109239677234885 0.00140205527682894 0.0010106610379527 0.00105607319778282 0.001503732375185 0 0.00107735707467483 0.00119188367094706 0 0 0 0 0.00102034444828772 0 0 0 0 0 0 0 0 0 0.00108340954179208 0 0 0 0 0 0 0 0 0
"Lgals3" 0 0 0.00100955901684983 0.0011609513420231 0 0 0.00136299958529955 0 0.00110129178594362 0 0 0 0 0 0 0 0 0 0.00392451796822546 0 0 0 0 0 0 0 0 0 0 0 0 0 0 0
"Bmp4" 0 0.00112069283974755 0.00156756768819684 0.00184688004584551 0.00111062934186715 0.00243894759633319 0.00632163198852959 0.00153997994503132 0.00179192298289706 0.00149827112195519 0 0.00138317909069987 0.00145300057372067 0 0.00168303517881449 0.00122691940798283 0 0.00118209351480054 0 0.00102689348109847 0.00116320068753799 0 0 0 0.00140640766647413 0.00102000578607594 0 0.00104223149153199 0 0 0.00134478373706039 0.00132199584783824 0 0.00122099266834853
"Itgam" 0 0 0.00114542280446737 0.00127118773598424 0 0.00124723211845029 0.00144276506481265 0.00104442875129448 0.00110355040588419 0.00121011541602748 0 0 0.00101400923650789 0 0.00110182227636077 0 0 0 0 0 0 0 0 0 0 0 0 0 0 0 0 0 0 0
"Hmgb1" 0 0.0013393931720182 0.00192954454991842 0.00242489808804238 0.00135162933996022 0.00562016913687305 0.00271600625417783 0.00215517700165225 0.00242287007272133 0.00174852904090139 0.00102910688978623 0.00186234155894657 0.00182282846358807 0.00129538079724044 0.00209947957000782 0.00160030831006446 0.00101283061767607 0.00152816064653883 0.00106582584138718 0.00115876871898168 0.00527474463608968 0.00115403279913705 0 0 0.0017065448039623 0.00108231725736186 0.00524403507165371 0.00159219971583468 0.00116412004007865 0.00133133735129286 0.00172803950719402 0.00141747211541946 0 0.00168926760704688
"Spp1" 0 0 0.00117075827913492 0.00148326489364376 0 0.00227822254511026 0.00175126392880559 0.00258795165478313 0.00139580930350346 0.00118109736860657 0 0.00106143540334703 0.00105936466308139 0 0.00139453074220996 0 0 0.0010163887399986 0 0 0.00106122873187081 0 0 0 0.0010496943658034 0.00478283586807755 0 0 0 0 0.00104971997931418 0 0 0
"Wnt5a" 0 0 0.00117302865271576 0.00125936576289916 0 0.00104291843160187 0.00148146162381321 0 0.0011771084517547 0.00103734664673774 0 0 0.00106100625422212 0 0.00111263399098977 0 0 0 0 0 0 0 0 0.00488738195361255 0.00104782124727082 0 0 0 0 0 0 0 0 0
"Col4a1" 0 0 0.00106523973202938 0.00114700859439643 0 0 0.00152913713962086 0.00104470653963937 0.00113253405927967 0 0 0.00108993255240146 0.00111901032607358 0 0.00106530948135465 0 0 0 0 0 0 0 0 0 0 0 0 0 0 0 0 0 0 0
"Adam17" 0 0 0.00142255426229398 0.00150218821176013 0.00105223831482593 0.00152664699934757 0.00188538761436714 0.00149068434798917 0.00154184974192217 0.00139699201939423 0 0.00109938512602467 0.00258179189905994 0 0.00148723392432611 0.00112707961239443 0 0 0 0 0.00114099932632288 0 0.00259341144660778 0 0.00109112507428202 0 0 0.00102562691992407 0 0 0.00107556118296018 0.00106345416670446 0 0.00107715938780886
"Tgfb1" 0 0.00109034180812989 0.00148904940255351 0.00189555020617561 0.00259638499600507 0.00403017469022695 0.00329054972768989 0.00167436345712904 0.00178398878439282 0.00154625998242254 0 0.0014453525000544 0.00148717407548361 0.00678442694765877 0.00166908971640241 0.00125370263898367 0.00422712107505249 0.00117934489929995 0 0 0.00482613282333761 0.0044648967027366 0 0 0.0013473289342046 0 0 0.00110398736468951 0 0.00239610071735005 0.00120866151243848 0.00129999112640331 0 0.00259061551054549
"Apoe" 0 0 0.00113677891491154 0.00117551792616752 0 0.00362141283380819 0.00142899901644446 0.00108283498462063 0.00116435146761913 0.00103850281956699 0 0 0 0 0.00111596233034372 0.00451778443203498 0.00389719153625941 0.00386916431110248 0.00403771682999996 0.00396342881260557 0 0 0 0 0 0 0 0 0 0 0 0 0 0
"Il18" 0 0.00119506984423473 0.00224472458833232 0.00196574575923994 0.0014948635472648 0.00638287737709559 0.00224025979262454 0.00187254237404772 0.00211475256838758 0.00257245049960586 0.00266105959200761 0.00535090920847995 0.00219650554051816 0.00260962355080773 0.00168818934077886 0.00168699296148946 0 0.00143507866328023 0.00115619182562872 0.001172088135576 0.00187508733897885 0 0 0 0.00143110010846388 0.00107639184085284 0 0.00144352995607636 0 0 0.00138874000783006 0.00141815780642462 0 0.00132402343911044
"Edn1" 0.00713866059941827 0.00429997558129845 0.00118514565698407 0.00134148941713181 0.0043214010291651 0.00229219060221284 0.00161312937825614 0.00120724356811146 0.00142703670705039 0.00122600200152277 0 0.00107174032233149 0.00102861011455431 0 0.00114752324984176 0.00103668777171953 0 0 0 0 0.00102126706116092 0 0 0 0.00104408976790476 0 0 0 0 0 0.00102517480509589 0 0 0.00104157914415002
