"Bhlhe40" "Clic1" "Cmip" "Ddit4" "Fam129b" "Fkbp5" "Gapdh" "Ier3" "Ldha" "Nr2f2" "Rps2" "Tubb5" "Ackr3" "Acvr1b" "Adamts1" "Anxa2" "Cd34" "Clu" "Cox5a" "Gpi1" "Grb10" "Hif1a" "Itgb3" "Nos3" "Plpp3" "Sparc" "Tsc22d3" "Aldoa" "Gnl3" "Hnrnpf" "Ipo7" "Klf10" "Jag2" "Sema7a" "Socs3" "Flot1" "Ier5" "Synpo" "Tagln2" "Vasp" "Ccnd3" "Ecscr" "Mal" "Upp1" "Tnfrsf1a" "Fas" "Ntn1" "Selp" "Fbln5" "Mustn1" "Akap13" "Igfbp5" "Nrp2" "Ssbp4" "Tcf3" "Pkm" "Actn1" "Zmiz1" "Pcbp1" "Npepps" "Smad1" "Emp1" "Rps6" "Col4a2"
"Itga4" 0.000903175258258626 0 0 0.00094454277221798 0 0 0 0.000987407534430331 0 0 0 0 0 0 0 0 0 0 0 0 0 0 0 0 0 0 0 0 0 0 0 0 0 0 0 0 0 0 0 0 0 0 0 0 0 0 0 0 0 0 0 0 0 0 0 0 0 0 0 0 0 0 0 0
"Nid1" 0.0013136383492254 0.00110809665820219 0.00115623909218259 0.0013821268457376 0.00111484280553914 0.00104001201535856 0.00113828781370819 0.00114554780772238 0.000983268504863189 0.00113605811591667 0.00106571463257479 0.00128907977510797 0 0 0 0.000909160543380614 0 0 0 0 0 0.000929662900915555 0 0.00105005571484361 0 0 0 0.000991775408878395 0 0.00103634601577029 0 0.00101263637579519 0.000949801234506003 0.000954767546617725 0.00104340070676619 0.00100820989907201 0.0011228327673881 0.00105623430048273 0.00109404350783464 0.00107240504471443 0.000893162775579387 0 0 0 0.00092322618536786 0.000936833607584682 0 0 0 0 0 0 0 0.00103129416659923 0.000915939186452261 0.000958523409090774 0 0.000982682547020122 0.000872562449419284 0 0.000995063371145367 0.000874367842968961 0 0.00124289887545935
"Pdgfb" 0.00162040003487655 0.00127832106437133 0.00128929568785328 0.0016172990088047 0.00118194491140881 0.00119584627273344 0.00126895285760113 0.00160091792808307 0.000907141263387772 0.00128789028254852 0.000939674124278452 0.00135624863183566 0 0 0 0.00105436861818193 0 0 0 0 0 0.00382549008940774 0 0.00155659722010263 0 0 0.000880387126719425 0.00106508640355763 0 0.000991115488527965 0 0.00108316043213263 0 0 0.00154618258854575 0.00136496490897051 0.00119230462118915 0.00150146850371953 0.00117211390773972 0.0012903746990906 0.00435528125167755 0 0 0 0.0012389531185969 0.00139153735256663 0.000966945969844427 0 0 0 0.000986027219731455 0 0.00091746983356751 0.00129761931749004 0.000872477686021107 0.00104480783019093 0.000967352942987273 0.00104713836023244 0.000977174627539914 0 0 0.00106873224548679 0.00408348214597277 0
"Vegfd" 0.00133701104251214 0.00111060183328328 0.0010704323367544 0.00138481859500287 0.00102986078105812 0.00107361322638668 0.00123642571285469 0.00158322425384147 0.000995386771002785 0.00125628412773668 0 0.00103689483084106 0 0 0 0.00102925656855587 0 0 0 0 0 0.00111276762829078 0 0.0011504533170673 0 0 0 0.00110039059966099 0 0 0 0.000878975514700839 0 0 0.0012461150561939 0.00114761218649177 0.000883894216434996 0.00111905846123063 0.00101548255936024 0.000978434388510791 0.00107425311601811 0 0 0 0.000990308032944089 0.000918357115306453 0 0 0 0 0.000938898650002802 0 0 0.000910102135277193 0 0.000878575485970217 0 0.000879271562247019 0.000972062413742657 0 0 0.000930501293492915 0 0
"Efnb2" 0.00090581256937122 0 0 0.000942353228787594 0 0 0 0.000957075983192659 0 0 0 0 0 0 0 0 0 0 0 0 0 0 0 0 0 0 0 0 0 0 0 0 0 0 0 0 0 0 0 0 0 0 0 0 0 0 0 0 0 0 0 0 0 0 0 0 0 0 0 0 0 0 0 0
"Tnfsf13b" 0.00126152810655526 0.00113552301876614 0.00109625198747895 0.00138164471193754 0.00109948046523274 0.00102640658673709 0.00108957201095851 0.00151866047246203 0 0.00111325424487702 0 0.00116128244547727 0 0 0 0.000959615836566029 0 0 0 0 0 0.000970733788729735 0 0.00119086461978766 0 0 0.000866229848034991 0.000945179351793901 0 0.000871866922767574 0 0.000885864664682437 0 0 0.00117949642551493 0.00114725578863451 0.00109793122244044 0.00128232290913111 0.000955594216723993 0.00105072431696286 0.00101586573256075 0 0 0 0.00105621639748307 0.00227973621320945 0.000915851582922452 0 0 0 0.000890465993329483 0 0 0.00100497028562472 0 0.000879615386107656 0 0 0.000881551312947359 0 0 0.000950473408317554 0 0
"Icam1" 0.00129345089814636 0.00114249551354306 0.000979471473780317 0.001325194891996 0.00108321993521124 0.0010358136467394 0.00105518590961986 0.00141859594051234 0 0.00115317710896552 0 0.00110481861262787 0 0 0 0.000944296745217409 0 0 0 0 0 0.000960204856686694 0 0.00107637206610987 0 0 0 0.000896380858846368 0 0 0 0.00089106428732529 0 0 0.00120807737808542 0.00114480765485801 0.00109600325737871 0.00119212559369386 0.000916108728016937 0.00100842390152386 0.00103934012442807 0 0 0 0.000994214559060387 0.00102747144474887 0.00088729781169635 0 0 0 0 0 0 0.000928016773757209 0 0 0 0 0.00102350886413998 0 0 0 0 0
"Fat1" 0.00128464518981499 0.00100184152585137 0.000975930253702095 0.00115003709082034 0.000996545609970272 0.00103583825618783 0.00102667250887726 0.00115866376838423 0 0.00120475681865084 0 0.000982379947621666 0 0 0.000876026686755877 0.000911250746852906 0 0 0 0 0 0 0 0.00103257190839016 0 0 0 0 0 0 0 0.000936392260682243 0 0 0.000940483791439137 0.000910849698678955 0.00106691451607504 0.000878678295024408 0 0.000994689334727791 0.000910782137488283 0 0 0 0.000863653199118749 0 0.000923084310046565 0 0 0 0 0.000876186950546518 0.000883887964881058 0.00087249214400526 0 0 0 0 0.000885965696937343 0 0 0 0 0.000869167098260053
"Pcdh7" 0 0 0 0.000892115850908567 0 0 0 0.000889245985761457 0 0 0 0 0 0 0 0 0 0 0 0 0 0 0 0 0 0 0 0 0 0 0 0 0 0 0 0 0 0 0 0 0 0 0 0 0 0 0 0 0 0 0 0 0 0 0 0 0 0 0 0 0 0 0 0
"Dsg2" 0 0 0 0 0 0 0 0.000898797235879182 0 0 0 0 0 0 0 0 0 0 0 0 0 0 0 0 0 0 0 0 0 0 0 0 0 0 0 0 0 0 0 0 0 0 0 0 0 0 0 0 0 0 0 0 0 0 0 0 0 0 0 0 0 0 0 0
"Grem1" 0.00137959711863568 0.00125767498701645 0.00122619416054164 0.00139949426329484 0.00111894111490941 0.00115685097860537 0.00120349849668967 0.00123554124374932 0.000973999319485499 0.00118875949805583 0.00102029793078208 0.00115446484457715 0 0 0 0.000908394185690415 0 0 0 0 0 0.00115717804265734 0 0.00123421675400132 0 0 0 0.00100897894417808 0 0.00100465203264588 0 0.00108799067759206 0 0.000870042485056878 0.00110713033732007 0.00104329423504691 0.00100176494120944 0.00127361019929744 0.000972273067409896 0.0010073506322073 0.00110275213933467 0 0 0 0.000931658428443003 0 0 0 0 0 0 0 0 0.00107349247144162 0 0 0 0.00102762558475631 0.000973503573256716 0 0.00385265921739506 0.000948590885480982 0 0
"Cxcl13" 0.000874910290703917 0 0 0.000955644499424827 0 0 0 0.000889818713372671 0 0 0 0 0 0 0 0 0 0 0 0 0 0 0 0 0 0 0 0 0 0 0 0 0 0 0 0 0 0 0 0 0 0 0 0 0 0 0 0 0 0 0 0 0 0 0 0 0 0 0 0.00181598147075089 0 0 0 0
"Sema7a" 0 0 0 0 0 0 0 0.000905983142676586 0 0 0 0 0 0 0 0 0 0 0 0 0 0 0 0 0 0 0 0 0 0 0 0 0 0 0 0 0 0 0 0 0 0 0 0 0 0 0 0 0 0 0 0 0 0 0 0 0 0 0 0 0 0 0 0
"Itgam" 0.00131627315158071 0.00108973802830415 0.00105878633613633 0.0012890493648742 0.00112493920512581 0.00101583288835441 0.00106662959338067 0.00128710215959032 0 0.00111922900711559 0 0.00104286075015005 0 0 0 0.000927434730309721 0 0 0 0 0 0.000907530818519893 0 0.00118937329703565 0 0 0 0.000956810510215479 0 0 0 0.000925805704443288 0 0 0.00112798956222543 0.00103800763564107 0.00105046403627376 0.00121011541602748 0.000970900777017894 0.00103944425349614 0.000987111030874856 0 0 0 0.00101876574012982 0.000989583014928849 0.000891824470351805 0 0 0 0.000876312553871242 0 0 0 0 0 0 0.00093529130133613 0 0 0 0 0 0
"Nenf" 0.000875097272949188 0 0 0.000864828657120257 0 0 0 0.000905373508468003 0 0 0 0 0 0 0 0 0 0 0 0 0 0 0 0 0 0 0 0 0 0 0 0 0 0 0 0 0 0 0 0 0 0 0 0 0 0 0 0 0 0 0 0 0 0 0 0 0 0 0 0 0 0 0 0
"Lamb1" 0.00135403749472132 0.00119537386418107 0.00106032325006428 0.00135234171579583 0.000996888030073611 0.00100818756366548 0.00113213055211194 0.00133311729502355 0 0.00119161309663787 0 0.00110893909376765 0 0 0 0.000906475047891872 0 0 0 0 0 0.000896994502962215 0 0.00126651058233633 0 0 0 0.000953121037499374 0 0.00091319277609044 0 0 0.000915375622218545 0 0.00105229548019358 0.00122282933119129 0.000990516144396443 0.000937452959544619 0.000903916508357487 0.000999986162413329 0.000986651121550898 0 0 0 0.000908310401375501 0 0 0 0 0 0 0 0 0.000956798522660559 0 0.000939222398681405 0.00104668645397798 0.00102973267648253 0 0 0 0.000938787457833429 0 0
"C3" 0.00105562083355485 0.000932101127838523 0.000874172100393333 0.0011054895450197 0 0.000874874122165845 0.000940773363022761 0.00110182053095711 0 0.000921190732072467 0 0.000878023560971022 0 0 0 0 0 0 0 0 0 0 0 0.000932600111695145 0 0 0 0 0 0 0 0 0 0 0.000890749336703241 0 0 0.000914584924465373 0 0 0 0 0 0 0 0 0 0 0 0 0 0 0 0 0 0 0 0 0 0 0 0 0 0
"Anxa1" 0 0 0 0 0 0 0 0.000897016614104019 0 0 0 0 0 0 0 0 0 0 0 0 0 0 0 0 0 0 0 0 0 0 0 0 0 0 0 0 0 0 0 0 0 0 0 0 0 0 0 0 0 0 0 0 0 0 0 0 0 0 0 0 0 0 0 0
"Hc" 0.000918989991338214 0 0 0.000961175085631553 0 0 0 0.000935488359761155 0 0 0 0 0 0 0 0 0 0 0 0 0 0 0 0.00086827017274362 0 0 0.00355269481186808 0 0 0 0 0 0 0 0 0 0 0 0 0 0 0 0 0 0 0 0 0 0 0 0 0 0 0 0 0 0 0 0 0 0 0 0 0
"Ptprf" 0.00137864103066021 0.00116091215762288 0.00128452933641757 0.00130075708066729 0.00112010282211907 0.00113944885736706 0.00115929385767465 0.00140569912016991 0.000874885193117436 0.00117618957095023 0.000910036044056982 0.00111232546847081 0 0 0 0.000948709081796685 0 0 0 0 0 0.00104683960479203 0 0.00107150177738133 0 0 0 0.000975448429615 0 0 0 0.000971069508737886 0 0 0.00106147883327957 0.00119500309381047 0.000975486330277919 0.0011283799829617 0.000972972176070199 0.000983139824935452 0.00105131063789959 0 0 0 0.000879941193647324 0.000973342691797199 0.000875105369064614 0 0 0 0 0 0 0.000984935578023898 0 0 0 0.00088120477024467 0.00100039101604315 0 0 0 0 0.000935315951798121
"Vcam1" 0.000880700251682837 0 0 0.00089208592960281 0 0 0 0.000961610728116267 0 0 0 0 0 0 0 0 0 0 0 0 0 0 0 0 0 0 0 0 0 0 0 0 0 0 0 0 0 0 0 0 0 0 0 0 0 0 0 0 0 0 0 0 0 0 0 0 0 0 0 0 0 0 0 0
"Efnb1" 0.000982105672626734 0 0.000885761281874012 0.000973934989669129 0 0 0 0.000995863644069516 0 0.000885514202994109 0 0 0 0 0 0 0 0 0 0 0 0 0 0 0 0 0 0 0 0 0 0 0 0 0.000911752715171104 0 0 0.000876168214562232 0 0 0 0 0 0 0 0 0 0 0 0 0 0 0 0 0 0 0 0 0 0 0 0 0 0
"Rps19" 0.00102367989052771 0.000985744741914743 0.000914853036380197 0.00100632289346879 0.000920364956359387 0 0.00090740888216243 0.00105870505522464 0 0.000953449670193872 0 0.00098840584894302 0 0 0 0 0 0 0 0 0 0 0 0.000930692404201321 0 0 0 0 0 0 0 0 0 0 0 0 0.000954105839617446 0 0 0 0 0 0 0 0 0 0 0 0 0 0 0 0 0 0 0 0 0 0 0 0 0 0 0
"Arf1" 0.000898805753588241 0 0 0.00091438476347162 0 0 0 0.000916389129718489 0 0 0 0 0 0 0 0 0 0 0 0 0 0 0 0 0 0 0 0 0 0 0 0 0 0 0 0 0 0 0 0 0 0 0 0 0 0 0 0 0 0 0 0 0 0 0 0 0 0 0 0 0 0 0 0
"Robo2" 0.00137662762260483 0.00117388109343979 0.00114124807505594 0.00131021950864432 0.00125949652703835 0.0011646594658469 0.00121525408097441 0.00121521004502873 0.00106867581964187 0.00125257450230621 0.00105965478440654 0.00110637141804311 0 0 0 0.000893876327268308 0 0 0 0 0 0.00109471286560268 0 0.00109842924000615 0 0 0 0.00114840655871845 0.000914859962024201 0.00109048864584481 0.000865522883988859 0.00102522664431162 0 0 0.00109229105963487 0.000940188462459154 0.00106801211317599 0.00098084022342713 0.00107137147561098 0.00101960724016044 0.000974724901317766 0 0 0 0.000979246412260501 0 0 0 0 0 0 0 0 0.00100778202503555 0 0 0 0.000945479049039933 0.00100296546172441 0 0 0 0 0
"Npnt" 0.00180532145696707 0.00120210365908928 0.00107506601036718 0.0012023621690513 0.000980801325972377 0.000901046399898676 0.00103730381709926 0.00185399342469904 0.00145827001953106 0.00120826760384444 0 0.00103049966895166 0 0 0 0 0.00120493828922997 0 0 0 0 0 0 0.000956653168344495 0 0 0 0.000884520722072284 0 0 0 0.000960794612482697 0 0.00111046965798049 0.000973968006841039 0.00113797405350217 0.000964755994883464 0.000914584160821434 0.00091443028779641 0.000912900344461057 0.00102519210252912 0 0 0 0 0 0.00168431763478001 0 0 0 0.00152868802376784 0.00183768332152257 0.00209512405061531 0.00200512492165364 0.0020476004481234 0 0 0.000965145422172335 0.000871253012063869 0 0 0 0 0
"Tgfb2" 0.00207097973282112 0.0016894575952021 0.00151454997072472 0.00474956060083624 0.00152045450412193 0.001254124168963 0.00142447777506072 0.00185892402942727 0.00117231517273391 0.00154388001704188 0.00112016327656345 0.00159702134242239 0.000894492199205848 0.00242557139363462 0 0.00459734569206122 0.00111143923245213 0.00117019040478507 0.000964820933933504 0 0.00103043608339577 0.00127602743835237 0 0.00168922482696801 0 0.00246844269781697 0.00100125373912435 0.00140650589996203 0.000926208828820793 0.00131783949595512 0.000873540757441013 0.00137217481874949 0 0.00116082864448561 0.00158329931217404 0.00172826100479266 0.00161802556105402 0.00163787760678518 0.0014083566203029 0.00164419239163483 0.00146958672634208 0.00660110650680246 0 0.00124417335021175 0.00160163087432239 0.00142602060349172 0.00138365308350428 0 0.00542735549584775 0.00644025126790894 0.00130072409745742 0 0.00129287721465366 0.00140197963751172 0.00100041409982608 0.00130841337916431 0.00128892338819873 0.00138704306982556 0.00117961567914682 0 0.00119097263260828 0.00121193331594186 0 0.00117341204846873
"Selplg" 0.00102770745793143 0.000904741881375381 0.000919686547652892 0.00111377657575033 0 0 0.000872895734998556 0.0011329053881389 0 0.000965373967394006 0 0.000964261245650437 0 0 0 0 0 0 0 0 0 0 0 0.000909140051228258 0 0 0 0 0 0 0 0 0 0 0.00087028882602895 0.00086645749298692 0 0.000881866473870282 0 0 0.00089602821233515 0 0 0 0 0 0 0.00261856202650119 0 0 0 0 0 0 0 0 0 0 0 0 0 0 0 0
"Hebp1" 0.000872290936927467 0 0 0.000883621879443109 0 0 0 0 0 0 0 0 0 0 0 0 0 0 0 0 0 0 0 0 0 0 0 0 0 0 0 0 0 0 0 0 0 0 0 0 0 0 0 0 0 0 0 0 0 0 0 0 0 0 0 0 0 0 0 0 0 0 0 0
"Copa" 0.000894478263285006 0 0 0.000901904102813119 0 0 0 0.000949178423003988 0 0.000864862950377862 0 0 0 0 0 0 0 0 0 0 0 0 0 0 0 0 0 0 0 0 0 0 0 0 0 0 0 0 0 0 0 0 0 0 0 0 0 0 0 0 0 0 0 0 0 0 0 0 0 0 0 0 0 0
"Yars" 0.00129226383481009 0.00104175730872633 0.0011501250835336 0.00123224826936406 0.000957120669424094 0.000929597147013273 0.000947162989681565 0.00144648496867395 0.000895888240558397 0.0011131919363162 0 0.00112218224299495 0 0 0 0.00098000849604127 0 0 0 0 0 0.000877661518862885 0 0.00110741517821459 0 0 0 0.000941890404822139 0 0 0 0 0 0 0.00103032214014789 0.0012113256328791 0.00101200316502565 0.00119188367094706 0.00101458346670644 0.000921807886634753 0 0 0 0 0.000907663840536573 0.00104174017392796 0.00124746467164829 0 0 0 0.000980947743712144 0 0 0 0 0 0 0.000878242839282222 0 0 0 0.000938190472426571 0 0
"Sema3f" 0.000986396165116234 0.000939816439359909 0 0.000983784773833812 0 0 0.000864964731061872 0.000958418991573124 0 0.000949600702346153 0 0.000892424181368936 0 0 0 0 0 0 0 0 0 0 0 0 0 0 0 0 0 0 0 0 0 0 0 0 0 0 0 0 0 0 0 0 0 0 0 0 0 0 0 0 0 0 0 0 0 0 0 0 0 0 0 0
"Lgals3" 0.00116308123280775 0.00101371019557758 0.000971926038974133 0.0012137764609276 0.00106300445138318 0.0009295524560023 0.00108404011885786 0.00116760726142911 0.00087836854128808 0.00109895210722227 0 0.00100602624988035 0 0 0 0.00088611321527069 0 0 0 0 0 0 0 0.000975710229476413 0 0 0 0.00095873686814431 0 0 0 0 0 0 0.00207635953436987 0.000937496474569501 0.00091042819366725 0.000954830392065143 0.000924255608143483 0.000923284068162 0 0 0 0 0.0041169125117841 0 0 0 0 0 0 0 0 0 0 0 0 0 0 0 0 0 0 0
"Fgf2" 0.00170652545263114 0.00157609138082823 0.00146940655695965 0.00171402362206595 0.00129258483736188 0.00132397506182081 0.00271055838891752 0.00175304959895765 0.00110235189829532 0.00145946510936595 0.000989281511075052 0.00145246228974306 0 0 0 0.00238775461227508 0 0.000898623516731355 0 0 0.000885882275499785 0.00495312976158389 0.00560687642095529 0.00288342824117119 0 0 0.000976490052279922 0.00123526067489422 0.000871972785625953 0.00103350868059592 0 0.00108051758178908 0 0.000884407037567602 0.00148323621566164 0.00140039492187465 0.00134645097729705 0.0014643995320808 0.00124360771361438 0.00131994407984827 0.00425854402963477 0.00277489061980416 0.00533752414006096 0.00211232064551137 0.0012808240111231 0.00125429501678053 0.00104074384429448 0 0 0 0.00115391861953744 0 0.00103884611944343 0.00118923648776653 0.000913626788214459 0.00107908739915419 0.0009789732095434 0.00117513110614033 0.0010768416409514 0 0 0.00105707560603152 0 0
"Trf" 0.00143417866455302 0.00141466846141701 0.00127598694127062 0.00144940946874807 0.0012441649387228 0.001278907113207 0.00135532719371551 0.00153028712903923 0.00104451534945397 0.00144116416053957 0.000952184386883791 0.00128055089710798 0 0 0 0.00113206805440037 0 0.000938228530962676 0 0 0 0.00379232108141822 0 0.00134917630442088 0 0 0.00389664162149841 0.00121473854490868 0 0.00114294530297519 0 0.00106488700975502 0 0 0.00118732573087166 0.00128357967373958 0.0012265141725706 0.00124912553627246 0.00122380914411356 0.00125281425836679 0.00105640264423089 0 0 0 0.00115099727155137 0.000980009746113315 0.00105937835544601 0 0 0 0.0010361642199373 0 0.00086202379961392 0.00111445029399152 0 0.00101393142521181 0 0.00106252253965015 0.00107263040395539 0 0 0.00105355869695867 0 0.000892252647136686
"Dll4" 0.00222892152937354 0.00155279467161122 0.00159516969907714 0.00211709920737251 0.00174999296331799 0.00164172896359844 0.00163330306677098 0.00195067239704965 0.00125021253953696 0.00165201347439638 0.00141480378805595 0.00218455968345461 0.00103669669863438 0 0.000973663024543574 0.00137800726843753 0 0.00112019320910129 0.000950074962124107 0 0.00101763011862404 0.00121433108199863 0 0.00172034950391455 0 0 0.0013500241197559 0.00139071133775004 0.00106897925733779 0.00142307417504101 0.000990971146665163 0.00160678197827474 0.00196885881649216 0.00181279464419215 0.00185753483398235 0.00151874966681638 0.00165200837089409 0.00163158379889414 0.00154348887308327 0.00169125364199352 0.00109339414783386 0.000911501882031344 0 0.00101678522386422 0.00143078965072025 0.00158330804946428 0.00129195362119148 0 0 0 0.0010703670352026 0.00130145586550706 0.00149093473611077 0.00147691135428896 0.00154663653165408 0.0014091315517251 0.0011654751566427 0.00143615002068585 0.00149200920147672 0 0.00118059007226186 0.00112845541413895 0 0.00102875998261959
"Ptdss1" 0.00185499853115631 0.00179368817632248 0.00180579221854254 0.00169164160903666 0.00189733496336293 0.0018502730951429 0.00188748123485317 0.00155848436794855 0.0015100819329221 0.00182194918226987 0.00172007644544528 0.00171843651180771 0.00100827783519996 0.0010140263969509 0.00128833449915092 0.00129373467618256 0 0.00103436120908337 0.00105606258656977 0.000920701297033997 0.00104211269763231 0.00142098257514852 0 0.001344820144097 0 0 0 0.00179587281462346 0.00172155594824628 0.00179561906579755 0.00174197207390033 0.00174397337902247 0.00109661773358453 0.00108178974333674 0.00148755016640069 0.00117695111341336 0.00160610008789903 0.0013730370789727 0.00158057572942381 0.00133461543267553 0.00138118329296476 0 0 0.000948792673837142 0.00127634416703008 0.000945206166966144 0.00135426072851347 0 0 0 0.00115390118288778 0 0.00120127401737877 0.00170513743929363 0.00153303424558572 0.00122751156831175 0 0.00130813222789459 0.00164233846969797 0 0.000959538747837168 0.00111789230232733 0.00115843403153829 0.00145552588575379
"Vegfa" 0.00162788520857703 0.00130843253079308 0.00137065221554597 0.00165546803371112 0.00124535983460718 0.00119254421227772 0.00134260268084396 0.00160320559239241 0.0024203298334835 0.0014012070949917 0.00087423171167665 0.0012936202448339 0.00223136204419753 0.00221129826976112 0.00212347510472588 0.00240318969403861 0.00258382754283819 0.00217643341410883 0.00202321285548803 0.00231859823238851 0.00233517363590454 0.00387769051653293 0.00208840243183315 0.00284044703400125 0.00475691902178917 0.00237301976242974 0.0039990731412746 0.00122503156799166 0 0.000970533316536547 0 0.00108588422075647 0 0 0.00135991631917548 0.00135138172487628 0.00113306838607829 0.00143050603226441 0.00113302506874327 0.0012342844390146 0.00120044997756414 0 0 0 0.0012150415176645 0.00117739631953542 0.000990103170063683 0 0 0 0.00101157074145241 0 0 0.0010316687526605 0 0.00104196716203799 0.000928821406543185 0.00107153523879073 0.00104097823216364 0 0 0.00102260764670138 0 0
"Manf" 0.00127507820990402 0.00124669305600276 0.00122949474942976 0.00113424568314177 0.00116964760390352 0.00110624564770368 0.00127641383298859 0.00108260972569971 0.00110041747062286 0.00109074697058973 0.00107664980865046 0.0011251219272539 0 0 0 0 0 0 0 0 0 0.000945505401841766 0 0.00105778158415921 0 0 0 0.000988155110131294 0.000935696821563687 0.00101375558850314 0.000946503642317148 0.00103394828274971 0 0 0.000913088011359233 0 0.00102555795182964 0.000945007497420113 0.00104258195196587 0.00101525552951803 0.000956138672895434 0 0 0 0.000935940251410519 0 0 0 0 0 0 0 0 0.00100609072373593 0 0 0 0.000901363512707294 0.000967468695201484 0 0 0 0 0.000881745579862839
