"Actb" "Dusp6" "Epha2" "Fam129b" "Ier2" "Ier3" "Junb" "Lmna" "Pfn1" "Serpine1" "Socs3" "Synpo" "Tubb5" "Vwf" "Cd34" "Cd38" "Ier5" "Pdgfb" "Snn" "Anxa2" "Flot1" "Gadd45g" "Gnas" "Ntn1" "Tgfbr2" "Vim" "Klf10" "Sox17" "Tagln2" "Aldoa" "Ranbp1" "Tnfrsf1a" "Prdx2" "Sema7a" "Pim3" "Ldha" "Gabarap" "Sparc" "Ntrk2" "Actn1" "Emp1" "Flnb" "Ddah1" "Col4a2" "Ace" "Ackr3" "Adamts1" "Clu" "Adamts9" "Cxcl12" "Sbno2" "Pkm" "Rps2" "Pcbp1"
"Tgfb3" 0.00171215492557961 0.00134644518803962 0.00162576060822309 0.0012831778123221 0.00147015141191261 0.00164521209644254 0.00172515349341698 0.00151856378606806 0.0013860823839256 0.00474246844207253 0.00123735984768195 0.00143629456769098 0.00136146995552084 0 0 0 0.00135347340220635 0.0012137534004669 0 0.00134456078833214 0.00150539070326475 0.00128361394578131 0.00117878296305067 0.00130028098988062 0.00163194190017641 0.00132242544024724 0.00137712066707598 0 0.00128860596609987 0.00103039977455121 0.00113954184911647 0.00122059698008197 0.00117297029634696 0.00105717180303085 0 0.00109136303037504 0 0 0 0 0.0010643401103417 0.00118804840816527 0.00114368113926388 0 0 0 0 0 0 0 0 0.00117160013313915 0 0.00110408036214975
"Ccl2" 0.00146164934114864 0.00111609831230055 0.00160590853641893 0.00141505718844113 0.00135479119471811 0.0014876095392738 0.00167765794304829 0.00167866867858145 0.00145506288990613 0.00186064503874853 0.00153366509518096 0.00139659578642868 0.00145233032526761 0 0 0 0.00128350050471931 0.0011339016711684 0 0.00114677000928175 0.00125978594666232 0.00121392499436488 0.00102254089155914 0 0.00139312227297527 0.00133085116171155 0.00106593310336531 0 0.00124096682339507 0.00131116650785293 0.00135109893162001 0.00142463170268674 0.00121460072813191 0 0 0.0011007877021459 0.00106618671951953 0 0 0 0.00111351807437417 0 0.00124957497270052 0.00107131281564794 0 0 0 0 0 0 0.00105748822737217 0.00113831257155694 0 0.00110416829086172
"Manf" 0 0 0.00129178461399483 0.00116964760390352 0.00110621471276461 0.00108260972569971 0.00126600857464039 0.00138374486081799 0.00122199253411193 0.00121877003942938 0 0 0.0011251219272539 0 0 0 0.00102555795182964 0.00101702299255508 0 0 0 0 0.00108073157101956 0 0 0 0.00103394828274971 0 0.00104258195196587 0 0.00122309127939807 0 0.00102225329030687 0 0 0.00110041747062286 0.00107480913353422 0 0 0 0 0 0 0 0 0 0 0 0 0 0 0 0.00107664980865046 0
"Efna1" 0.00102265707669694 0 0.00114909314810378 0 0 0.00108892135936537 0.00111630750156315 0.00116501560782698 0 0.00105710259027395 0 0 0 0 0 0 0 0 0 0 0 0 0 0 0 0 0 0 0 0 0 0 0 0 0 0 0 0 0 0 0 0 0 0 0 0 0 0 0 0 0 0 0 0
"Ptprf" 0.00126970680747263 0 0.0013148531907902 0.00112010282211907 0.00120224437976645 0.00140569912016991 0.00138844036406894 0.00125201437082661 0.00111253696041319 0.00122533242559474 0.00106147883327957 0.0011283799829617 0.00111232546847081 0 0 0 0 0.00107694256988255 0 0 0.00119500309381047 0 0 0 0.00108470610483264 0.00102466550237222 0 0 0 0 0.00120537374826746 0 0.00104981855232648 0 0 0 0 0 0 0 0 0 0 0 0 0 0 0 0 0 0 0 0 0
"Osm" 0.00184088558226187 0.00146994936858356 0.00211507010461218 0.00154010059055947 0.00181084843651532 0.00201189048988944 0.00210570755294114 0.00205116771657208 0.00134769918760264 0.00188403613626777 0.0024828024604493 0.00188455021034445 0.00173566486730005 0.00105139428005252 0 0.00115707962576736 0.00150935377422343 0.00145581623600077 0 0.00154682205918703 0.00174368396642659 0.00166412188727665 0.00130816140738821 0.00103963589133669 0.00169914095772447 0.00275861619400152 0.0012710135789951 0.00113172817634584 0.0014918933348859 0.00137435577545459 0.00163763035302099 0.00165616205731821 0.00135068082846901 0.0011278786301756 0.00124473775822451 0.00125518200606826 0.00138335368739336 0 0 0.00128800336702379 0.00133310862764348 0.00144165065519177 0.00126799186480437 0 0.00102162234090824 0 0 0.00132769702013783 0.0028912166649987 0.00260714131790059 0.00188687406724925 0.0013855936559485 0.00117426023563326 0.00150479094683275
"Vegfa" 0.00136483375622213 0.00112697675508823 0.0030021255700173 0.00124535983460718 0.00133621700097534 0.00160320559239241 0.00263407615762913 0.00151237439748309 0.00129501658638254 0.00276794155300118 0.00135991631917548 0.00143050603226441 0.0012936202448339 0.00251029795733475 0.00258382754283819 0 0.00113306838607829 0.00262849740063192 0 0.00240318969403861 0.00135138172487628 0.0010924350923482 0.00101704287560674 0 0.00122117606220801 0.0011883629896787 0.00108588422075647 0 0.00113302506874327 0.00122503156799166 0.00120097359757553 0.0012150415176645 0.00112882939796378 0 0.00107551613493304 0.0024203298334835 0.0010352527625622 0.00237301976242974 0 0 0.00102260764670138 0 0 0 0.00606606792206547 0.00223136204419753 0.00212347510472588 0.00217643341410883 0 0 0.00104512825662965 0.00104196716203799 0 0.00104097823216364
"Tnfsf13b" 0.00118100036603681 0 0.00132550126110563 0.00109948046523274 0.0011698946452227 0.00151866047246203 0.00138329551568614 0.00133827636679014 0.00117966156174943 0.00136500910715811 0.00117949642551493 0.00128232290913111 0.00116128244547727 0 0 0 0.00109793122244044 0.00101692739437738 0 0 0.00114725578863451 0 0 0 0.00104031419974152 0.00102640481206579 0 0 0 0 0.00116330358440472 0.00105621639748307 0.0010250198445643 0 0 0 0 0 0 0 0 0 0 0 0 0 0 0 0 0 0 0 0 0
"Nid1" 0.00123564708620085 0 0.00131322087309647 0.00111484280553914 0.00125999400513705 0.00114554780772238 0.00151059097449284 0.00124402007250679 0.00112635505900483 0.00132753110917465 0.00104340070676619 0.00105623430048273 0.00128907977510797 0 0 0 0.0011228327673881 0.00106615058268961 0 0 0 0.00107729017775421 0.00108652677756101 0 0 0.00103202861531701 0.00101263637579519 0 0.00109404350783464 0 0.00121687407163679 0 0.00109324296409946 0 0 0 0.00109505768479997 0 0 0 0 0 0 0.00124289887545935 0 0 0 0 0 0 0 0 0.00106571463257479 0
"Calm1" 0.0012041471253463 0 0.00142079997050143 0.00103010268337135 0.00112412191389419 0.0013051154779708 0.00137225747900384 0.00121258716920942 0.00104838710845031 0.0011979820152568 0.00102751974966269 0.00106515692920826 0.00103779527525118 0 0 0 0.00102705329917812 0 0 0 0.00104770026514911 0 0 0 0 0 0 0 0 0 0 0 0 0 0 0 0 0 0 0 0 0 0 0 0 0 0 0 0 0 0 0 0 0
"Vegfd" 0.00122379582036767 0.00102418823131028 0.0013133845591336 0.00102986078105812 0.001194075135584 0.00158322425384147 0.0013716705728421 0.0013085977446279 0 0.00150030888017588 0.0012461150561939 0.00111905846123063 0.00103689483084106 0 0 0 0 0.00133314020793532 0 0.00102925656855587 0.00114761218649177 0 0 0 0.00107735135971933 0 0 0 0.00101548255936024 0.00110039059966099 0 0 0 0 0 0 0 0 0 0 0 0 0 0 0 0 0 0 0 0 0 0 0 0
"Itga4" 0 0 0 0 0 0 0.00101172685483554 0 0 0 0 0 0 0 0 0 0 0 0 0 0 0 0 0 0 0 0 0 0 0 0 0 0 0 0 0 0 0 0 0 0 0 0 0 0 0 0 0 0 0 0 0 0 0
"Pros1" 0.00169455534887847 0.0013398236554109 0.00173150113609308 0.00131922532580451 0.00176511544018939 0.00173011415414281 0.00196200935733886 0.001703242632478 0.00145359468187998 0.00163270343520858 0.00151509269512285 0.00140606894323363 0.00154819401092723 0 0 0 0.00149164521883155 0.00124456767256538 0 0.00130113046119239 0.00145970538630242 0.00137789976442722 0.00112466640388764 0.00105782849151738 0.00138995686369621 0.00134853246228343 0.00102908904245491 0 0.00111358776457353 0.00121703993002482 0.00129646224456047 0.00134496383462436 0.00144475987215355 0.0010203600073794 0 0.00106271103996772 0.00124401952689133 0 0 0.00111142716145926 0.00104605228780314 0.00113860596028966 0.0011492428936456 0 0 0 0 0.00101219441347068 0 0 0.00124907473543955 0 0.0010283720574803 0.00114933767627248
"Wnt4" 0.00147917445796823 0.00123728276887381 0.00177005206632065 0.00134483388761679 0.00148610908280602 0.00174788098222967 0.00179844433730401 0.00177882722230449 0.00136607040711604 0.0016414663877789 0.00134921969987296 0.00123238668692183 0.00146524361597771 0 0 0 0.0014130623664571 0.00127906444716262 0 0.0013155093364863 0.00142311560227045 0.00113623881393065 0.00118969723007182 0.001027106590842 0.00119962435110357 0.00103848418698024 0.00103530770667484 0 0.00125443769965013 0 0.001315561220027 0.00129339955177817 0.00135907324228933 0 0.00144257471481377 0 0.00132738960321784 0 0 0 0 0.00107195423158736 0.00131407216611959 0 0 0 0 0 0 0 0 0.00114967055433244 0.00106832409401989 0.0011653138611775
"C3" 0 0 0.00102640505689363 0 0 0.00110182053095711 0.00110605580282985 0.00105378824076884 0 0.00111300782215802 0 0 0 0 0 0 0 0 0 0 0 0 0 0 0 0 0 0 0 0 0 0 0 0 0 0 0 0 0 0 0 0 0 0 0 0 0 0 0 0 0 0 0 0
"Yars" 0.00103185817592897 0 0.00140205527682894 0 0.00114624926431142 0.00144648496867395 0.0013383410557954 0.00118747027906698 0 0.00130132172395418 0.00103032214014789 0.00119188367094706 0.00112218224299495 0 0 0 0.00101200316502565 0 0 0 0.0012113256328791 0 0 0.00124746467164829 0.0010141089585502 0 0 0 0.00101458346670644 0 0 0 0.00103008221985721 0 0 0 0 0 0 0 0 0 0 0 0 0 0 0 0 0 0 0 0 0
"Efnb1" 0 0 0.00105852607093831 0 0 0 0.00104657810762986 0 0 0 0 0 0 0 0 0 0 0 0 0 0 0 0 0 0 0 0 0 0 0 0 0 0 0 0 0 0 0 0 0 0 0 0 0 0 0 0 0 0 0 0 0 0 0
"Hspg2" 0.00116983347447202 0.0011053770338204 0.00123489168672293 0 0.00115704031238879 0.00124322014947712 0.00130467250691669 0.00117739123508836 0 0.00118680581375888 0.00109900392966455 0.00100913110098426 0.00101616444103493 0 0 0 0 0 0 0 0.00109577682059016 0.00104605892674857 0 0 0 0.00106998959192149 0 0 0 0 0 0 0 0 0 0 0 0 0 0.00106136280391356 0.00102034567401766 0 0 0 0 0 0 0 0 0 0 0 0 0
"Bdnf" 0.001433808953727 0.00118318051693701 0.00173527647161518 0.0013005799507451 0.00154462627294532 0.00166672939054489 0.00175320046627822 0.00164804253843356 0.00126105317220516 0.00279349973283571 0.00141329022257912 0.00151052837664753 0.00139900486658574 0 0 0 0.00123473730448715 0.00129705162848095 0 0.00117531036815031 0.0014414076832837 0.00114669727855052 0.00126483326807193 0.00104260428324312 0.00131108902484401 0.00123276935318677 0.00108601043254777 0 0.00127092337343157 0.00115469653591547 0.00118504898540563 0.00125011083073089 0.00122499399878641 0 0.00105613127405085 0 0.00112227985666291 0 0.00598031173618679 0 0.00108305474756924 0.00110245535165393 0.00115112828533245 0 0 0 0 0 0 0 0.00102859751845163 0.00108106110568923 0 0.00105803184717005
"Fgf1" 0.00126282497199686 0.00109495261025366 0.00141576775432903 0.00112075831308228 0.00117405906567441 0.00146725544984714 0.00137970310019102 0.00127898498401072 0.00106913997913822 0.00240747099328217 0.001193556247153 0.00118225078281073 0.00116920393796588 0 0 0 0.0010702346143253 0 0 0.00100980569051848 0.00113540887855102 0 0 0 0.00111838813338809 0.00102300369378541 0 0 0.00106187338909939 0 0.00104347468283822 0.00101269287208169 0.00102399037399137 0 0 0 0 0.00224052357432998 0 0 0 0 0 0 0 0 0 0 0 0 0 0 0 0
"Fat1" 0.00112512760546508 0 0.00124298231956044 0 0.00105661133268095 0.00115866376838423 0.00124156557740943 0.00123195237070109 0 0.00108621179795433 0 0 0 0 0 0 0.00106691451607504 0 0 0 0 0.00102443751991232 0.00108317501653182 0 0.00107167405577136 0 0 0.00112981208879579 0 0 0.00104434925433404 0 0.00108767091357819 0 0 0 0 0 0 0 0 0 0 0 0 0 0 0 0 0 0 0 0 0
"Clec11a" 0.00123706477991163 0.00101672858148737 0.00124660160806132 0.0011661939074185 0.0013176813618014 0.00147781930784152 0.00150285143252546 0.00138681300680774 0.00135300265567966 0.00125820312686682 0.00116241027846522 0.00122429386716024 0.0011735654756474 0 0 0 0.00118147037383315 0.00107314930997639 0 0 0.00110584644851813 0 0.00108659876188343 0.00106504281632917 0 0.00106794581258685 0.00106309782419397 0 0.00105971126096457 0.00108830736977285 0.00130930360885109 0.00103361343050889 0.00115388645920669 0 0 0.00107805476991397 0.0011373447312726 0 0 0 0 0 0 0 0 0 0 0 0 0 0 0 0.00105374748698206 0
"Rps19" 0 0 0.00110862868192535 0 0 0.00105870505522464 0.00111238596241063 0.00109043188819073 0 0 0 0 0 0 0 0 0 0 0 0 0 0 0 0 0 0 0 0 0 0 0 0 0 0 0 0 0 0 0 0 0 0 0 0 0 0 0 0 0 0 0 0 0 0
"Col1a1" 0.00150260770807709 0.00126359266532628 0.00171779038272844 0.00161247648963833 0.00148826295000115 0.00154697020220672 0.00186762235238457 0.00177711249818829 0.0014147910999898 0.00163313611661382 0.00126670990784842 0.00138155603525327 0.00124647641827163 0 0 0 0.00128308054787748 0.00130439707063547 0 0.00123641513317193 0.00153440582588834 0.00120490897322715 0.00124627617178789 0.00101850499364064 0.00124181064576978 0.00118511499633115 0.00128485312130734 0 0.00142931651634521 0.00135785385354049 0.00123100914329163 0.00126096958723495 0.00114925443678568 0 0.00132754963775339 0 0.00118959467841156 0.00105031472359418 0 0.00108265168226433 0.00106359086967158 0.00124593578244914 0.00121429038915583 0 0 0 0 0 0 0 0.00109683068324806 0.00116154321749254 0 0.00105715783517807
"Icam1" 0.00118513435505379 0.00101458453515556 0.00121148675063376 0.00108321993521124 0.00111666375748199 0.00141859594051234 0.00141247481108491 0.00124129684470569 0.00121038777288525 0.00122320973286733 0.00120807737808542 0.00119212559369386 0.00110481861262787 0 0 0 0.00109600325737871 0 0 0 0.00114480765485801 0 0 0 0 0.00105634377404445 0 0 0 0 0.00100895935060263 0 0.00105841915188018 0 0 0 0 0 0 0 0 0 0 0 0 0 0 0 0 0 0 0 0 0.00102350886413998
"Dll4" 0.00185625641413516 0.00130931478724863 0.0018570410621075 0.00174999296331799 0.00190297528671722 0.00195067239704965 0.00234439445604406 0.00202504729814474 0.00137749901709754 0.00192998991652903 0.00185753483398235 0.00163158379889414 0.00218455968345461 0 0 0 0.00165200837089409 0.00137475117934168 0 0.00137800726843753 0.00151874966681638 0.00158356148281033 0.00191115248911308 0.00129195362119148 0.00151750778809441 0.0017665762779185 0.00160678197827474 0.00129582187354524 0.00154348887308327 0.00139071133775004 0.00159654995659629 0.00143078965072025 0.00182619545494111 0.00181279464419215 0.00129801888007981 0.00125021253953696 0.00169192243600079 0 0 0.0011654751566427 0.00112845541413895 0.00165590287978707 0.00107933353768754 0.00102875998261959 0.00105751692877931 0.00103669669863438 0 0.00112019320910129 0 0.00116884399873296 0.00135754902585134 0.0014091315517251 0.00141480378805595 0.00149200920147672
"Lgals3" 0.00104067261185247 0 0.0011609513420231 0.00106300445138318 0 0.00116760726142911 0.00122068873169205 0.00118340757477034 0 0.00117724145813248 0.00207635953436987 0 0 0 0 0 0 0 0 0 0 0 0 0 0 0 0 0 0 0 0 0.0041169125117841 0 0 0 0 0 0 0 0 0 0 0 0 0 0 0 0 0 0 0 0 0 0
"Inhba" 0.00186551860441827 0.00159139075130989 0.00195411923923398 0.0013823997309896 0.0014845087845434 0.00184805020512057 0.00192447338061117 0.00171840039250399 0.00142253078270862 0.00495713341653815 0.0014571689462524 0.00173827155425427 0.00145709526708622 0 0 0 0.00143894908306537 0.0012264963907097 0 0.00143973919723182 0.00163048407760007 0.00142539857923088 0.00122070239398552 0.00156571120738052 0.00176151669727612 0.00141502016057162 0.00165678187164626 0.00571522642037864 0.00155349826565457 0.00104270581511436 0.00116836982228463 0.00130508746000546 0.00109865241102505 0.0011496436893998 0 0.00117514182051898 0 0 0 0.00131304843305723 0.0013056069709296 0.00137600754445144 0.00138568562361682 0 0 0 0 0.00108190757868582 0 0 0.00101114187113354 0.0013979795857367 0 0.00127119962035037
"Itgam" 0.00115234982413562 0 0.00127118773598424 0.00112493920512581 0.0010813791215981 0.00128710215959032 0.00137197435600231 0.00125403050002514 0.00105569737502626 0.00129361657925824 0.00112798956222543 0.00121011541602748 0.00104286075015005 0 0 0 0.00105046403627376 0.00102706009864805 0 0 0.00103800763564107 0 0 0 0.00104359627468903 0.00107999660187595 0 0 0 0 0 0.00101876574012982 0 0 0 0 0 0 0 0 0 0 0 0 0 0 0 0 0 0 0 0 0 0
"Col4a1" 0.00115017429167651 0 0.00114700859439643 0.00106661637212179 0.00109331200751114 0.00118216257804888 0.00124070784102932 0.00109806053189742 0 0.00130493534145339 0.00108389834115251 0 0 0 0 0 0 0 0 0.00108578841577469 0.00103213978218691 0.00108993255240146 0.00102210992724797 0.00115823623014007 0.00121700748661509 0 0 0 0 0 0 0 0 0 0 0 0 0 0 0 0 0 0 0 0 0 0 0 0 0 0 0 0 0
"Adam17" 0.00152012849124405 0.00138575848216572 0.00150218821176013 0.00128666271153234 0.00155018091843072 0.00172829346361237 0.00178396294315882 0.0015406909372773 0.0013662293519631 0.00158197397882198 0.00143038606989501 0.00139699201939423 0.00141663374064695 0 0.0025782194792716 0.00246667142085579 0.0014235664566575 0.00260104276847286 0.00231419826235198 0.00114168079867922 0.00137746827114527 0.00109938512602467 0.00117360891094602 0.00103287932416042 0.0012657835373621 0.00126344713866316 0.00104196458423516 0 0.00121212877268694 0.00114981150815589 0.00133445508112182 0.00124626000143875 0.00124988061740152 0 0.00102248491807381 0 0.00119626311984394 0 0 0 0.00102240686251414 0.00100979758774137 0.00105327792684451 0 0 0 0 0 0 0 0.00112144481408201 0.00109809810017397 0 0.00103154443443899
"Nts" 0 0 0 0 0 0 0 0 0 0 0 0 0 0.00491190692708145 0 0 0 0 0 0 0 0 0 0 0 0 0 0 0 0 0 0 0 0 0 0 0 0 0 0 0 0 0 0 0 0 0 0 0 0 0 0 0 0
