"Actb" "Aqp4" "Cdkn1a" "Cxadr" "Elf3" "Epha2" "Icam1" "Pfn1" "Areg" "Aqp5" "Muc1" "Ager" "Gsto1" "Ltf" "Chil1" "Clu" "P4hb" "Abcc5" "Lcn2" "Cdk4" "Btg2" "Nedd4l" "Anxa5" "Mrpl40"
"Bdnf" 0.001433808953727 0 0.00285191567093599 0 0.00136241042568419 0.00173527647161518 0.00136090264917081 0.00126105317220516 0 0 0.00134610029060466 0 0 0 0 0 0 0 0 0.00225760933084855 0.00130652388747267 0.00124587362129151 0 0
"Pcdh1" 0.00130990616096732 0 0.00171059303509075 0 0 0.00126986069383774 0 0 0 0 0 0 0 0 0 0 0 0 0 0 0 0 0 0
"Dusp18" 0.00130772291678558 0 0.00206366380754605 0 0.00121061680163687 0.00145763195560894 0.00157795755967461 0.0012732249765504 0 0 0 0 0 0 0 0 0 0 0 0.00145563498821616 0 0 0 0.00120465091729205
"Efna1" 0 0 0.0015095279291241 0 0 0 0 0 0 0 0 0 0 0 0 0 0 0 0 0 0 0 0 0
"Calm1" 0.0012041471253463 0 0.00160268744489109 0 0 0.00142079997050143 0 0 0 0 0 0 0 0 0 0 0 0 0 0 0 0 0 0
"Tnfsf10" 0.00181741586496794 0 0.00454721609898816 0 0.00143575740920282 0.00173851589640601 0.00181143768729395 0.00153734620932533 0 0 0.00155836413405727 0.00137023152251467 0 0 0 0 0 0 0 0.00120877246680083 0.00144127241018469 0.00130535888052889 0.00438736639033843 0.00139450639333715
"Cdh5" 0.0013304647264498 0 0.00169034218431189 0 0 0.00295110185741221 0 0 0 0 0 0 0 0 0 0 0 0 0 0 0 0 0 0
"Pros1" 0.00169455534887847 0 0.00296467644517818 0 0.00142816189336808 0.00173150113609308 0.00145038743054541 0.00145359468187998 0 0 0.00157906317841867 0.00122688920507311 0 0 0 0 0 0 0 0 0.00135715710110835 0.00121615396136343 0 0.00122020741797539
"Itgb1" 0 0 0.0023583641063619 0 0 0 0 0 0 0 0 0 0 0 0 0 0 0 0 0 0 0 0 0
"Inhba" 0.00186551860441827 0 0.0025306734442935 0 0.00125523304079345 0.00195411923923398 0.00122956765592219 0.00142253078270862 0 0 0.00131882376443781 0.00126645444035155 0 0 0 0 0 0 0 0 0.00162792760735782 0.00147009296353023 0 0
"Tgfb3" 0.00171215492557961 0 0.00225560517487711 0 0 0.00162576060822309 0.00128816566297975 0.0013860823839256 0 0 0 0 0 0 0 0 0.00205980992087896 0 0 0 0.00146542887808945 0.00120835573693816 0 0
"Tnfsf14" 0.00161733454893456 0 0.00221446840421092 0 0.0013158005480748 0.00175134589539468 0.00149544231301743 0 0 0 0 0.00129183504930855 0 0 0 0 0 0 0 0 0.00128793192668184 0.00125519435367019 0 0
"Ltb" 0.0014927927701708 0 0.00197876231105226 0 0.00126591150872649 0.00140689199684224 0.00205205967334107 0.00121837481859104 0 0 0 0.00152149940211275 0 0 0 0 0 0 0 0 0 0 0 0
"F7" 0.00126320202923993 0 0.00161693906598446 0 0 0.00130398781515613 0 0 0 0 0 0 0 0 0 0 0 0 0 0 0 0 0 0
"Tnfsf13b" 0.00118100036603681 0 0.00171852712084425 0 0.00126429103706457 0.00132550126110563 0.00140725078539295 0 0 0 0 0 0 0 0 0 0 0 0 0 0 0 0 0
"Pf4" 0 0 0.0011988647909831 0 0 0 0.00186589974392343 0 0 0 0 0 0 0 0 0 0 0 0 0 0 0 0 0
"Itgb2" 0 0 0.00167196176542722 0 0 0.00128251529228418 0.00121034151745122 0 0 0 0 0 0 0 0 0 0 0 0 0 0 0 0 0
"Tnc" 0 0 0.00164164008714949 0 0 0.0013852958236293 0 0 0 0 0 0 0 0 0 0 0 0 0 0 0 0 0 0
"Ghrl" 0.0012186132653669 0 0.00181502530273677 0 0.00119146232492319 0.00132326111140976 0.00374339786157998 0 0 0 0 0 0 0 0 0 0 0 0 0 0 0 0 0
"Adam12" 0 0 0.00146900484079388 0 0 0.00132665950726956 0 0 0 0 0 0 0 0 0 0 0 0 0 0 0 0 0 0
"Inhbb" 0.0021093381443535 0 0.00286730477845298 0 0.00120588013775304 0.00192661114355437 0.0013167592236187 0.00152340283763684 0 0 0.00130653011930623 0.00140509271858763 0 0 0 0.00120742344923043 0 0 0 0 0.00181167329734541 0.00163462804139545 0 0
"Angpt2" 0.00149273164062777 0 0.00480643361495988 0 0.00146455222931538 0.00149150768103652 0.00142995270602061 0.00136205389247092 0 0 0.001402734292313 0.00147481458910138 0 0 0 0 0 0 0 0.00119732693222788 0.00121966855451139 0.00121381873369529 0 0.00125614265557404
"Col4a1" 0 0 0.00152308824586791 0 0 0 0 0 0 0 0 0 0 0 0 0 0 0 0 0 0 0 0 0
"Pkd1" 0.00129830543141427 0 0.00377401514156348 0 0 0.00136890286866499 0.00119637671683646 0 0 0 0 0 0 0 0 0 0 0 0 0 0 0 0 0
"Itgam" 0 0 0.00166340261824615 0 0 0.00127118773598424 0.00124723211845029 0 0 0 0 0 0 0 0 0 0 0 0 0 0 0 0 0
"Gpi1" 0 0 0.0017677010676815 0 0 0 0 0 0 0 0 0 0 0 0 0 0 0 0 0 0 0 0 0
"Hc" 0.00197842523846087 0 0.00121904808611797 0 0 0 0 0 0 0 0 0 0 0 0 0 0 0 0 0 0 0 0 0
"Cxcl12" 0 0 0.00367438744373611 0 0 0.00119565846547445 0.00122619544728706 0 0 0 0.00119719415704238 0 0 0 0 0 0 0 0 0 0 0 0 0
"Fgf2" 0.0014694956705675 0 0.00301269652847111 0 0.00137348816288632 0.00158488236944593 0.00248838117738215 0.00128777347451712 0 0 0.00140119870929737 0.00120373918694814 0 0 0 0 0.00201522497073303 0 0 0.0052417072095753 0.00121399052777393 0.00127178343050788 0 0
"Apoe" 0 0 0.00160734617280627 0 0 0 0.00362141283380819 0 0 0 0 0 0.00389719153625941 0 0 0 0 0 0.00403771682999996 0 0 0 0 0
"Nampt" 0.00177084597269327 0 0.00246449811044922 0 0.00163200426860531 0.0018212422778858 0.0050239544149108 0.00167048448810788 0 0 0.00145086027009936 0.00481267219492233 0 0 0 0 0 0 0 0.00123998851563183 0.00140292827580627 0.00142936876012091 0 0.00144741595531573
"Lgals3" 0 0 0.00152125277648955 0 0 0 0 0 0 0 0 0 0 0 0 0 0 0 0.00392451796822546 0 0 0 0 0
"Hmgb1" 0.00224754285905749 0 0.00297002690844441 0.0013393931720182 0.00192954454991842 0.00242489808804238 0.00562016913687305 0.00202998881384803 0 0 0.00182282846358807 0.00527474463608968 0 0 0 0.00133133735129286 0 0.0046707086827051 0 0.00144936663862757 0.00175901855350785 0.00182860849877275 0 0.00175377402730401
"Vegfa" 0.00136483375622213 0 0.00201992273566579 0 0.00138132568656035 0.0030021255700173 0.002338318134906 0.00129501658638254 0 0 0.0012844761199113 0 0 0 0.00234148531507331 0.00217643341410883 0.0019843370875547 0 0 0 0.00119991813265487 0 0 0
"Adam17" 0.00152012849124405 0 0.00206911530949821 0 0.00142255426229398 0.00150218821176013 0.00152664699934757 0.0013662293519631 0 0 0.00258179189905994 0 0 0.00259341144660778 0 0 0 0 0 0 0.00124032981018802 0 0 0
"Tgfb1" 0.00296597953804268 0 0.00548303347996596 0 0.00148904940255351 0.00189555020617561 0.00403017469022695 0.00149627334430383 0 0 0.00148717407548361 0.00482613282333761 0.00422712107505249 0 0 0.00239610071735005 0 0 0 0.00121297957310639 0.00150301424931374 0.00142634849150761 0 0.0012791642420613
"Wnt5a" 0 0 0.00157387631446763 0 0 0.00125936576289916 0 0 0 0.00488738195361255 0 0 0 0 0 0 0 0 0 0 0 0 0 0
"Spp1" 0.0014557991705183 0 0.00187530116358333 0 0 0.00148326489364376 0.00227822254511026 0.00123120779421862 0.00478283586807755 0 0 0 0 0 0 0 0 0 0 0 0 0 0 0
"Edn1" 0.00119186886368411 0.00713866059941827 0.00188972934016114 0.00429997558129845 0.00118514565698407 0.00134148941713181 0.00229219060221284 0.00120159539202971 0 0 0 0 0 0 0 0 0 0 0 0 0 0 0 0
