"C1qb" "C1qc" "C3ar1" "Cd86" "Cdkn1a" "Fads1" "Gadd45b" "Igf1" "Nek6" "Spp1" "Timp2" "Basp1" "Cd14" "Itgb5" "Socs3" "Acp5" "Adam9" "Msr1" "Ccl2" "Cd72" "Kcnn4" "Pdpn" "Traf1" "Apoe" "Fam129b" "Ctsb" "Pfn1" "Slc3a2" "Mmp14" "Cd83" "Il21r" "Pmepa1" "Ccr5" "Emp1" "Fth1"
"Pecam1" 0 0 0 0 0.00188044658787928 0 0.00130393379050722 0 0.00119213296254547 0 0 0 0 0 0.00127793938704284 0 0 0 0 0 0 0 0 0 0 0 0 0 0 0 0 0 0 0 0
"Hspg2" 0 0 0 0 0.00162758304250463 0 0.00119934115924585 0 0 0 0 0 0 0 0 0 0 0 0 0 0 0 0 0 0 0 0 0 0 0 0 0 0 0 0
"Cxcl14" 0 0 0 0.00183442196926907 0.00186622147687498 0 0.00202048193874711 0 0.00145352419989819 0 0 0 0 0 0 0 0 0 0 0 0 0 0 0 0 0 0.0020893522789398 0 0 0 0 0 0 0 0
"Hc" 0 0 0 0 0.00121904808611797 0 0 0 0 0 0 0 0 0 0 0 0 0 0.00233096218899112 0 0 0 0 0 0 0 0 0 0 0 0 0 0 0 0
"Hsp90b1" 0 0 0 0.00225485980273548 0.00167076959342281 0 0.00130201029048624 0 0 0 0 0 0 0 0 0 0 0 0 0 0 0 0 0 0 0 0 0 0 0.00214145810737211 0 0 0 0 0
"Col4a1" 0 0 0 0 0.00152308824586791 0 0 0 0 0 0 0 0 0 0 0 0 0 0 0 0 0 0 0 0 0 0 0 0 0 0 0 0 0 0
"Sema3c" 0 0 0 0 0.00152429062339887 0 0 0 0 0 0 0 0 0 0 0 0 0 0 0 0 0 0 0 0 0 0 0 0 0 0 0 0 0 0
"Icam1" 0 0 0 0 0.00161961166893847 0 0.00150718312484074 0 0.00125015365793564 0 0 0 0 0 0.00120807737808542 0 0 0 0 0 0 0 0 0 0 0 0.00121038777288525 0 0 0 0 0 0 0 0
"Col18a1" 0 0 0 0 0.00148491191004066 0 0.00118150661567839 0 0 0 0 0 0 0 0 0 0 0 0 0 0 0 0 0 0 0 0 0 0 0 0 0 0 0 0
"C3" 0 0 0 0 0.00139342762829878 0 0 0 0 0 0 0 0 0 0 0 0 0 0 0 0 0 0 0 0 0 0 0 0 0 0 0 0 0 0
"Cfh" 0 0 0 0 0.00194343775657172 0 0.00162778077951793 0 0.00129069573991873 0 0 0 0 0 0 0 0 0 0 0 0 0 0 0 0.00159682225928058 0 0.00137747719988558 0.00123476847959258 0 0 0 0.00127697841519663 0 0 0
"Vegfc" 0 0 0 0 0.00175765021772766 0 0.00161415845904594 0 0.00142397638507753 0 0 0 0 0 0.00135497115349177 0 0 0 0 0 0 0 0 0 0.00120271605847513 0 0 0 0 0 0 0 0 0 0
"Fgf7" 0 0 0 0 0.00162696765585824 0 0.00123747687965432 0 0 0 0 0 0 0 0 0 0 0 0 0 0 0 0 0 0 0 0 0 0 0 0 0 0 0 0
"Gmfb" 0 0 0 0 0.00209926887534938 0 0.00164837402393786 0 0.00139070888272008 0 0 0 0 0 0.00131696037980448 0 0 0 0 0 0 0 0 0 0.0012590183157614 0 0.00132626750936323 0 0 0 0 0 0 0 0
"Itgb1" 0 0 0 0 0.0023583641063619 0 0 0 0 0 0 0 0 0 0 0 0 0 0 0 0 0 0 0 0 0 0 0 0 0 0 0 0 0 0
"Selp" 0 0 0 0 0.00154181477979211 0 0.00122675573051379 0 0 0 0 0 0 0 0 0 0 0 0 0 0 0 0 0 0 0 0 0 0 0 0 0 0 0 0
"Ccl2" 0 0 0 0.00122328663520872 0.00208541132079138 0 0.00184912017815054 0 0.00160389227262951 0 0 0 0 0 0.00153366509518096 0 0 0 0 0 0 0 0 0 0.00141505718844113 0 0.00145506288990613 0 0 0 0.00120090374198214 0 0 0 0.00122848591983974
"Gas6" 0 0 0 0 0.00146331534233639 0 0.00135708813793205 0 0 0 0 0 0 0 0 0 0 0 0 0 0 0 0 0 0 0 0 0 0 0 0 0 0 0 0
"Ocln" 0 0 0 0 0.00160814638760414 0 0.00132304938217876 0 0 0 0 0 0 0 0 0 0 0 0 0 0 0 0 0 0 0 0 0 0 0 0 0 0 0 0
"Sell" 0 0 0 0 0.00161010851206998 0 0 0 0 0 0 0 0 0 0 0 0 0 0 0 0 0 0 0 0 0 0 0 0 0 0 0 0 0 0
"Tnfsf13b" 0 0 0 0.00120725401937605 0.00171852712084425 0 0.0015205920151777 0 0.00132835077757469 0 0 0 0 0 0 0 0 0 0 0 0 0 0 0 0 0 0.00117966156174943 0 0 0 0 0 0 0 0
"Il34" 0 0 0 0 0.00143984951511494 0 0 0 0 0 0 0 0 0 0 0.00272185253372532 0 0 0 0 0 0 0 0 0 0 0 0 0 0 0 0 0 0 0
"Il7" 0 0 0 0.00158221038811498 0.00275513204790105 0 0.00235967140729934 0.00218725296552495 0.00202780231466623 0 0 0 0.00148256397484828 0 0.00356529966371426 0.00138908785974653 0 0 0.00136952262812577 0 0.00124929596892198 0 0.00173245311428263 0 0.00173036733376896 0.00128115446477365 0.00177800725119744 0.00180796876798485 0 0.00129310638447101 0.00177836253750175 0.00123616466064983 0.00321867723845355 0.00174539732945291 0.00185467107985609
"Pcdh1" 0 0 0 0 0.00171059303509075 0 0.00132310141670127 0 0.0011980170792334 0 0 0 0 0 0 0 0 0 0 0 0 0 0 0 0 0 0 0 0 0 0 0 0 0 0
"Serping1" 0 0 0 0 0.00146632850772889 0 0 0 0 0 0 0 0 0 0 0 0 0 0 0 0 0 0 0 0 0 0 0 0 0 0 0 0 0 0
"Tgfb3" 0 0 0 0 0.00225560517487711 0 0.00176034775050419 0 0.00152638043216141 0.00219667614821806 0 0 0 0 0.00123735984768195 0 0 0 0 0 0.00130557995810823 0 0 0 0.0012831778123221 0 0.0013860823839256 0.00131962936212562 0 0 0.00118478236460234 0.00144443019006582 0 0 0
"Gpi1" 0 0 0 0 0.0017677010676815 0 0 0 0 0 0 0 0 0 0 0 0 0 0 0 0 0 0 0 0 0 0 0 0 0 0 0 0 0 0
"Itgam" 0 0 0 0 0.00166340261824615 0 0.00142862833365383 0 0.0012089409520911 0 0 0 0 0 0 0 0 0 0 0 0 0 0 0 0 0 0 0 0 0 0 0 0 0 0
"Col5a3" 0 0 0 0 0.00177073134373318 0 0.0013370516161875 0 0 0 0 0 0 0 0 0 0 0 0 0 0 0 0 0 0 0 0 0 0 0 0 0 0 0 0
"Cxcl12" 0 0 0 0 0.00367438744373611 0 0.00129663054851378 0 0 0 0 0 0 0 0.00132478426710201 0 0 0 0 0 0 0 0 0 0 0 0 0 0.00206926318512956 0 0 0 0 0 0
"Adam17" 0 0 0 0 0.00206911530949821 0 0.00170368372605386 0 0.00150808810656686 0 0 0 0 0 0.00143038606989501 0 0 0 0.00252053425906362 0 0 0 0.00252048439927342 0 0.00128666271153234 0 0.0013662293519631 0.00131174750016102 0 0.00244469211912971 0.00141618319840021 0 0 0 0
"Pkd1" 0 0 0 0 0.00377401514156348 0 0.00147515392047131 0 0.00126964773882859 0 0 0 0 0 0.00129874555356641 0 0 0 0 0 0 0 0 0 0 0 0 0 0.00218694057591152 0 0 0 0 0 0
"Fgf2" 0 0 0 0 0.00301269652847111 0 0.00173736354169787 0.00236694655946615 0.00145297740252148 0.00213698915373628 0.00222098631620354 0 0 0.00214873896277155 0.00148323621566164 0 0 0 0.00253771787650822 0 0.00239941801428699 0 0.00454023120446609 0 0.00129258483736188 0 0.00128777347451712 0.00118022834151838 0 0 0 0 0 0 0.00123130163907247
"Lgals3" 0 0 0 0 0.00152125277648955 0 0.00235597249778768 0 0 0 0 0 0 0 0.00207635953436987 0 0 0 0 0 0 0 0 0 0 0 0 0.00402165860077069 0 0 0 0 0 0 0
"Angpt2" 0 0 0 0 0.00480643361495988 0 0.00165476050860902 0.00275816006889406 0.00153150769027882 0 0 0 0 0 0.00178349189911576 0 0 0 0 0 0 0 0 0 0.00135536435650387 0.00259491672564111 0.00136205389247092 0.00130462759412336 0 0 0 0 0 0.0013860572863501 0.00133139496128946
"Fgf1" 0 0 0 0 0.00172438615322352 0 0.00137612788392824 0 0 0.00405193709315663 0 0 0 0 0.001193556247153 0 0 0 0 0 0 0 0 0.00209526142255898 0 0 0 0 0 0 0 0 0 0 0
"Vegfa" 0 0 0 0.00245202942115846 0.00201992273566579 0 0.00164521067322292 0 0.00137793475686286 0 0.00432247876643764 0 0 0.00210082044401233 0.00135991631917548 0 0 0 0.00246879055964681 0.00206792822043719 0.00238829844491075 0.00233932018021433 0.00452191643726131 0 0.00124535983460718 0 0.00129501658638254 0 0 0 0 0 0 0 0
"Csf1" 0 0 0 0 0.00185297013945852 0 0.00165123073323341 0.00230757315500023 0.00132894521494624 0 0 0 0.0043400854220546 0 0.00135318498507661 0.00476711552751169 0.00206987233832151 0.00299846426066718 0 0 0 0 0 0 0.00119800010429064 0 0 0 0 0 0 0 0 0 0
"Tgfb1" 0 0 0 0.00479029368772346 0.00548303347996596 0 0.00315856619923651 0.00566017293649168 0.00161445740760965 0.00220228850676684 0.00229989090525026 0.0044648967027366 0.00460091968010032 0.00454188789266344 0.00567161006627657 0 0 0.00319786447902971 0.00259006744946717 0 0.00119352642063769 0 0 0.0023615275634379 0.00149136829657546 0 0.00149627334430383 0.00141667766262817 0 0 0.00127794308772683 0.00139538051011674 0 0 0.001313046198603
"Apoe" 0.00565009664284423 0.00517445847791113 0.00490866589710499 0.00444646867754721 0.00160734617280627 0.00388300860170743 0.00132063824668414 0.00398311039481062 0 0.00392423267835548 0.00420291883098396 0 0 0 0 0 0 0 0 0 0 0 0 0 0 0 0 0 0 0 0 0 0 0 0
