"Basp1" "Cdkn1a" "Gsto1" "Icam1" "Ifit3" "Smpd3" "Aqp4" "Areg" "Elf3" "Ghrl" "Tymp" "Stat1" "Gapdh" "Isyna1" "Irf9" "Mxi1" "Ctsk" "Odc1" "Etfbkmt" "Hacd1" "Anxa2" "Chil1" "Clu" "Ldha" "P4hb" "Cdk4" "Gal3st1" "Ltf" "Ifih1" "Akr1b8" "Timp4" "Eno1" "Mrpl40" "B4galt1" "Bcas1" "Krt19" "Lbp"
"Hc" 0 0.00121904808611797 0 0 0 0 0 0 0 0 0 0 0 0 0 0 0 0 0 0 0 0 0 0 0 0 0 0 0 0 0 0 0 0 0 0 0
"Mmp9" 0 0.00177374486570155 0 0 0 0 0 0 0.00120009186164615 0 0 0 0 0 0 0 0 0 0 0 0 0 0 0 0 0 0 0 0 0 0 0 0 0 0 0 0
"Lamb2" 0 0.00186433102548193 0 0 0 0 0 0 0.00119893977672504 0 0 0 0 0 0 0 0 0.00119345891782404 0 0 0 0 0 0 0 0 0 0 0 0 0 0 0 0 0 0 0
"Sema5a" 0 0.00138821599248424 0 0 0 0 0 0 0 0 0 0 0 0 0 0 0 0 0 0 0 0 0 0 0 0 0 0 0 0 0 0 0 0 0 0 0
"Fgf1" 0 0.00172438615322352 0 0.00127275023603779 0 0 0 0 0 0 0 0 0 0 0 0 0 0 0 0 0 0 0 0 0 0 0 0 0 0 0 0 0 0 0 0 0
"Hspg2" 0 0.00162758304250463 0 0 0 0 0 0 0 0 0 0 0 0 0 0 0 0 0 0 0 0 0 0 0 0 0 0 0 0 0 0 0 0 0 0 0
"Plxnb2" 0 0.0012145878433982 0 0 0 0 0 0 0 0 0 0 0 0 0 0 0 0 0 0 0 0 0 0 0 0 0 0 0 0 0 0 0 0 0 0 0
"C3" 0 0.00139342762829878 0 0 0 0 0 0 0 0 0 0 0 0 0 0 0 0 0 0 0 0 0 0 0 0 0 0 0 0 0 0 0 0 0 0 0
"Bmp4" 0 0.00314605775773029 0 0.00243894759633319 0 0 0 0 0.00156756768819684 0 0 0.00136546343733351 0.00151062941428825 0 0.00118830858518232 0.00144718613340938 0 0.00139694185283906 0 0 0.0014074570290259 0 0 0.00118719449753814 0 0 0 0 0 0 0 0.0014070999242616 0.00136639106761403 0.001318736202054 0 0.00127412271473964 0
"Hbegf" 0 0.00189441420720381 0 0.00139941167804101 0 0 0 0 0.00118402082437806 0 0 0 0.00123157553889115 0 0 0 0 0 0 0 0 0 0 0 0 0 0 0 0 0 0 0 0 0 0 0 0
"Lefty1" 0 0.00302066413507649 0 0.00135524105653676 0 0 0 0 0.00154949325767059 0 0.00119553481926666 0.00133051848232139 0.00164149579892113 0 0.00155851514680433 0.00183913590779988 0 0.00149136146379171 0 0 0.00169741634275485 0.0013146226014511 0.00140139656920658 0.00149713715511181 0 0.00128226091316561 0 0 0 0 0 0.00136046082341167 0.00124030678553199 0.00119618241609673 0.00163491928260292 0.00143446773136193 0.0012580911416679
"Spp1" 0 0.00187530116358333 0 0.00227822254511026 0 0 0 0.00478283586807755 0 0 0 0 0.00119273253630364 0 0 0 0 0 0 0 0 0 0 0 0 0 0 0 0 0 0 0 0 0 0 0 0
"Pkd1" 0 0.00377401514156348 0 0.00119637671683646 0 0 0 0 0 0 0 0 0 0 0 0 0 0 0 0 0 0 0 0 0 0 0 0 0 0 0 0 0 0 0 0 0
"Celsr1" 0 0.00158334674085987 0 0 0 0 0 0 0.00133503601700804 0 0 0 0 0 0 0 0 0 0 0 0 0 0 0 0 0 0 0 0 0 0 0 0 0 0 0.0013899020705524 0
"Itgam" 0 0.00166340261824615 0 0.00124723211845029 0 0 0 0 0 0 0 0 0 0 0 0 0 0 0 0 0 0 0 0 0 0 0 0 0 0 0 0 0 0 0 0 0
"Inhbb" 0 0.00286730477845298 0 0.0013167592236187 0 0 0 0 0.00120588013775304 0 0 0.00124331014683137 0 0 0.00128116278868407 0.00170270872295867 0 0.00150241671927057 0 0 0.00156388526269436 0 0.00120742344923043 0.00130028696796243 0 0 0 0 0 0 0 0 0 0 0.00129341956774108 0.00130684961326887 0
"Tgfb3" 0 0.00225560517487711 0 0.00128816566297975 0 0 0 0 0 0 0 0 0 0 0 0.00140416239022943 0 0 0 0 0.00134456078833214 0 0 0 0.00205980992087896 0 0 0 0 0 0 0 0 0 0 0 0
"Tnfsf13b" 0 0.00171852712084425 0 0.00140725078539295 0 0 0 0 0.00126429103706457 0 0 0 0 0 0 0 0 0 0 0 0 0 0 0 0 0 0 0 0 0 0 0 0 0 0 0 0
"Dusp18" 0 0.00206366380754605 0 0.00157795755967461 0 0 0 0 0.00121061680163687 0 0 0 0 0.00137556297092936 0.00121012693794365 0 0 0 0 0 0 0 0 0 0 0.00145563498821616 0 0 0 0 0 0.00127134045206172 0.00120465091729205 0 0 0 0
"Osm" 0 0.00248001209218667 0 0.00200404272390095 0.00141450046515593 0 0 0 0.00169976114593909 0 0.00137596529576607 0.0018282662926577 0.00149103822419557 0.00132371613016984 0.00189308147609707 0.001372747644916 0 0.00183350973860278 0 0 0.00154682205918703 0 0.00132769702013783 0.00125518200606826 0.00215800536608544 0.00133300091404265 0 0 0 0 0 0.00147242991144135 0.00129669314646171 0.00156922009032482 0.00137910498029659 0 0.00160391294615701
"Col4a1" 0 0.00152308824586791 0 0 0 0 0 0 0 0 0 0 0 0 0 0 0 0 0 0 0 0 0 0 0 0 0 0 0 0 0 0 0 0 0 0 0
"Hmgb1" 0 0.00297002690844441 0 0.00562016913687305 0.00127648133465164 0.00134873557923631 0 0 0.00192954454991842 0 0.00150860392226373 0.00163193345594586 0.00211550342687762 0.00134955281538341 0.00147162063628243 0.00206389485877712 0 0.00171885289102326 0 0 0.00173035830256951 0 0.00133133735129286 0.00134937039522869 0 0.00144936663862757 0 0 0.001265829021311 0.00524403507165371 0.0027244870272491 0.00172559067522795 0.00175377402730401 0.00174028763604841 0.00140158695340704 0.00138018005215136 0.00144643939278668
"Nectin1" 0 0.00150300544457211 0 0.00121411407376731 0 0 0 0 0 0 0 0 0 0 0 0 0 0 0 0 0 0 0 0 0 0 0 0 0 0 0 0 0 0 0 0 0
"Ptprc" 0 0.00171937967299817 0 0.00133963422988561 0 0 0 0 0 0 0 0.00126660090568548 0 0 0.00125457246721014 0 0 0 0 0 0 0 0 0 0 0 0 0 0.0022782943652454 0 0 0 0 0 0 0 0
"Adam17" 0 0.00206911530949821 0 0.00152664699934757 0 0 0 0 0.00142255426229398 0 0 0.00126044164459815 0.00127317639260921 0 0 0.00118450879260952 0 0.00127662942315781 0 0 0 0 0 0 0 0 0 0.00259341144660778 0 0 0 0 0 0 0 0 0
"Lama2" 0 0.00348529324590653 0 0 0 0 0.00529107177266641 0 0 0 0 0 0 0 0 0 0 0 0 0 0 0.00473036635403997 0 0 0 0 0.00624403001915468 0 0 0 0 0 0 0 0 0 0
"Fgf2" 0 0.00301269652847111 0 0.00248838117738215 0 0 0 0 0.00137348816288632 0 0 0.00128622952732095 0.00271055838891752 0 0 0.00127884938288753 0 0.00120542844579429 0 0 0.00238775461227508 0 0 0 0.00201522497073303 0.0052417072095753 0 0 0 0 0 0.00128235102553557 0 0.00126516424472822 0 0 0
"Vegfa" 0 0.00201992273566579 0 0.002338318134906 0 0 0 0 0.00138132568656035 0 0 0 0.00134260268084396 0 0 0.00118877378978175 0 0.00125480993535232 0 0 0.00240318969403861 0.00234148531507331 0.00217643341410883 0.0024203298334835 0.0019843370875547 0 0 0 0 0 0 0 0 0 0 0 0
"Bmp5" 0 0.00243775803578108 0 0.00139543571100306 0.00129710013644704 0 0 0 0.00155583176946731 0 0 0.00133891106136126 0.00128514513399694 0 0.00122203713743159 0.00175800408997506 0 0.00141338586920332 0.00468312304954623 0.0025579514966613 0.00161609411245662 0 0.00136648937295704 0.00132086141429189 0 0 0 0 0 0 0 0.0012380124727546 0.00137876159138677 0.0013329319574764 0 0.00124516119284805 0
"Nrtn" 0 0.00158842719286165 0 0 0 0 0 0 0 0 0 0 0 0 0 0 0 0 0 0 0 0 0 0 0 0 0 0 0 0 0 0 0 0 0 0 0
"Il33" 0 0.00144356568724919 0 0.00219908152407586 0 0 0 0 0 0 0 0 0 0 0 0 0.00211559487802163 0 0 0 0 0 0 0 0 0 0 0 0 0 0 0 0 0 0 0 0
"Angpt2" 0 0.00480643361495988 0 0.00142995270602061 0 0 0 0 0.00146455222931538 0 0.00254993522759856 0.00258822823634056 0.00130594829431234 0 0.00147426173279776 0.00143194018182269 0 0.00134851874334653 0 0 0.00127674229655615 0 0 0 0 0.00119732693222788 0 0 0 0 0 0.00122773499227046 0.00125614265557404 0 0.00123264698910806 0.00124856663232007 0
"Cxcl12" 0 0.00367438744373611 0 0.00122619544728706 0 0 0 0 0 0 0 0 0 0 0 0 0 0 0 0 0 0 0 0 0 0 0 0 0 0 0 0 0 0 0 0 0
"Edn1" 0 0.00188972934016114 0 0.00229219060221284 0 0 0.00713866059941827 0 0.00118514565698407 0 0 0 0.00126633164836397 0.00210794094243877 0 0 0 0 0 0 0 0 0 0 0 0 0 0 0 0 0 0 0 0 0 0 0
"Il1rn" 0 0.00197102569365138 0 0.00296230459409371 0 0 0 0 0.00159127258340463 0.00474216206573301 0 0.00148958311223904 0 0 0 0 0 0.00128086242132211 0 0 0.00118495064694029 0 0 0 0 0 0 0 0 0 0 0 0 0.00124923307747795 0 0 0
"Il1b" 0 0.00457889077460727 0 0.00530429172618764 0.00120954074822048 0 0.007264524229581 0.00678499376436745 0.00504072336369866 0.00473709315127895 0.00510500516097684 0.00150990251685971 0.00162769845514528 0.00248824112780248 0.00145874428623768 0.00143487219722535 0 0.00154017991191509 0 0 0.00261117992049089 0 0 0.00125830803449759 0 0 0 0 0 0 0 0.00149459820693863 0.00129673762235916 0.00146743375583962 0 0 0.00128424873935862
"Tgfb1" 0.0044648967027366 0.00548303347996596 0.00422712107505249 0.00403017469022695 0.00466566099947073 0.00491288796084232 0 0 0.00148904940255351 0 0 0.00134403542332266 0.00153336342413857 0.00244096580435543 0.00123834167437694 0.00272808400542051 0.00235088053120539 0.00142562893293575 0 0 0.00136584088336789 0 0.00239610071735005 0 0 0.00121297957310639 0 0 0.0023373522653487 0 0.00255679669660057 0.00137383199363539 0.0012791642420613 0.00135054142200582 0 0.00125821995254738 0
