"Anxa2" "Cxcl12" "Ddit4" "Hif1a" "Ier3" "Mal" "Nos3" "Ntrk2" "Serpine1" "Upp1" "Vwf" "Ahnak" "Xbp1" "Abcg2" "Adam15" "Adamts1" "Gbp2" "Ifngr1" "Fkbp5" "Ldha" "Rps2" "Jcad" "Sema7a" "Tmem252" "Pmaip1" "Synpo" "Col4a1" "Fas" "Cavin3" "Dusp6" "Susd6" "Ackr3" "Cd34" "Sparc" "Sparcl1" "Actn1" "Myrip" "Aldoa" "Lrrfip1" "Pim3" "Emp1" "Flnb" "Gadd45g" "Fam107a" "Eef1a1" "Pkm" "Lpl" "Picalm"
"Adam17" 0.00114168079867922 0 0.00176024111956494 0.00119943326858578 0.00172829346361237 0 0.00143508973467786 0 0.00158197397882198 0 0 0.0014417568634063 0 0 0 0 0 0 0.0012549805402332 0 0 0 0 0 0.00126389593040383 0.00139699201939423 0 0.00255338428853935 0 0.00138575848216572 0 0 0.0025782194792716 0 0 0 0 0.00114981150815589 0.00113089532733383 0 0 0 0.00109938512602467 0 0.0011028960080495 0.00109809810017397 0.00231280472344531 0
"Wnt4" 0.0013155093364863 0 0.00188546961557161 0.00113164822840234 0.00174788098222967 0 0.0011621824486376 0 0.0016414663877789 0 0 0.00157708310694703 0 0 0 0 0 0 0.00125179426759569 0 0 0 0 0 0.00116601740652392 0.00123238668692183 0 0 0 0.00123728276887381 0 0 0 0 0 0 0 0 0 0.00144257471481377 0 0 0.00113623881393065 0 0.00115701731960116 0.00114967055433244 0 0
"Clec11a" 0 0 0.00123722695327729 0 0.00147781930784152 0 0.0013190600622457 0 0.00125820312686682 0 0 0.00131225206737284 0 0 0 0 0 0 0.00126815608354181 0 0 0 0 0 0.00109135763916104 0.00122429386716024 0 0 0 0 0 0 0 0 0 0 0 0.00108830736977285 0 0 0 0 0 0 0 0 0 0
"Angpt2" 0.00127674229655615 0 0.00164015595602889 0.00134673366897332 0.00187209972299205 0 0.00178374839478185 0 0.00177539607543044 0 0 0.00173147829178654 0 0 0 0 0 0 0.00134375682076803 0 0 0 0 0 0.00142784640837567 0.00140160619952122 0 0.0014132706387981 0 0.00129842357671016 0 0 0 0 0 0 0 0.00149119568498676 0.0012286680174492 0.00118142662131563 0.0013860572863501 0.00124684621538776 0.00139196810123479 0 0.0011065434397116 0 0.00142767211281848 0.00150510112994123
"Vegfd" 0 0 0.00138481859500287 0.00111276762829078 0.00158322425384147 0 0.0011504533170673 0 0.00150030888017588 0 0 0.00127203413370182 0 0 0 0 0 0 0 0 0 0 0 0 0 0.00111905846123063 0 0 0 0 0 0 0 0 0 0 0 0.00110039059966099 0 0 0 0 0 0 0 0 0 0
"Angpt1" 0.001220701611358 0 0.00174620793419413 0.00141162496314313 0.00169999862291788 0 0.00291462025550825 0 0.0017006183932497 0 0 0.00149871930620182 0 0 0 0 0 0 0.00143291313638432 0 0 0 0 0 0.00140996260439747 0.00138240424500308 0 0.00538668178970026 0 0.00140525959327346 0 0 0 0 0 0 0 0.00119929135756375 0.00127429220128956 0.00107925688093754 0.00118573005620903 0.00114013633586935 0.00135163416517829 0 0.00117625141379885 0 0.00122154414233325 0.00130574196232707
"Icam1" 0 0 0.001325194891996 0 0.00141859594051234 0 0 0 0.00122320973286733 0 0 0.00122120465653586 0 0 0 0 0 0 0 0 0 0 0 0 0 0.00119212559369386 0 0 0 0 0 0 0 0 0 0 0 0 0 0 0 0 0 0 0 0 0 0
"Tnfsf13b" 0 0 0.00138164471193754 0 0.00151866047246203 0 0.00119086461978766 0 0.00136500910715811 0 0 0.00131670772846163 0 0 0 0 0 0 0 0 0 0 0 0 0 0.00128232290913111 0 0.00227973621320945 0 0 0 0 0 0 0 0 0 0 0 0 0 0 0 0 0 0 0 0
"Npnt" 0 0.00110286952386012 0.0012023621690513 0 0.00185399342469904 0 0 0 0 0 0 0.00110593480893551 0 0 0 0 0 0 0 0.00145827001953106 0 0 0.00111046965798049 0 0 0 0.00114040049809701 0 0 0 0 0 0.00120493828922997 0 0 0 0 0 0 0 0 0 0 0.00171040734233032 0 0 0 0
"Robo2" 0 0 0.00131021950864432 0.00109471286560268 0.00121521004502873 0 0.00109842924000615 0 0.00134977739784957 0 0 0.00130495215643151 0 0 0 0 0 0 0.0011646594658469 0 0 0 0 0 0 0 0 0 0 0 0 0 0 0 0 0 0 0.00114840655871845 0 0 0 0 0 0 0 0 0 0
"Pgf" 0.0011951632580276 0 0.00186095098900815 0.00268630549914874 0.0017075441764861 0 0.00153878461392988 0 0.00298476130021424 0 0 0.00152197987412888 0 0 0 0 0 0 0.00132447180236221 0.00126471674064846 0 0 0 0 0.00137166186848913 0.00149911701584414 0 0.0013008563014057 0 0.00130474945614967 0 0 0 0 0 0 0 0.00134512398909773 0 0 0 0.00113423842811798 0.00124232936810067 0 0.00113070294999345 0.0011349566432881 0 0
"C3" 0 0 0.0011054895450197 0 0.00110182053095711 0 0 0 0.00111300782215802 0 0 0 0 0 0 0 0 0 0 0 0 0 0 0 0 0 0 0 0 0 0 0 0 0 0 0 0 0 0 0 0 0 0 0 0 0 0 0
"Hspg2" 0 0 0.00137031756694388 0 0.00124322014947712 0 0.00119741344223596 0 0.00118680581375888 0 0 0.00114884256069435 0 0 0 0 0 0 0 0 0 0 0 0 0 0 0 0 0 0.0011053770338204 0 0 0 0 0 0 0 0 0 0 0 0 0 0 0 0 0 0
"Col1a1" 0.00123641513317193 0 0.00174718468208684 0.00114965533500126 0.00154697020220672 0 0.00131005054732561 0 0.00163313611661382 0 0 0.00162707381338442 0 0 0 0 0 0 0.00114071815932327 0 0 0 0 0 0.00110704902251083 0.00138155603525327 0 0.00111804035406983 0 0.00126359266532628 0 0 0 0 0 0.00108265168226433 0 0.00135785385354049 0.00131625400256107 0.00132754963775339 0 0.00124593578244914 0.00120490897322715 0 0.00108232402947191 0.00116154321749254 0 0.00129028686531741
"Spp1" 0 0 0.00147567261882673 0.00109791002016398 0.00153292593991244 0 0.00124176839256727 0 0.00152723633884689 0 0 0.00142865745316068 0 0 0 0 0 0 0.00109218444612814 0 0 0 0 0 0.00121328289273727 0.00118109736860657 0 0 0 0.00116411643016552 0 0 0 0 0 0 0.00482048737084215 0.00109019690662193 0 0 0 0 0 0 0.00112531244598047 0 0 0
"Fgf1" 0 0 0.00142549440057687 0 0.00146725544984714 0 0.00120262870973659 0 0.00240747099328217 0 0 0.00128970280557901 0 0 0 0 0 0 0 0 0 0 0 0 0.00111191998657541 0.00118225078281073 0 0 0 0.00109495261025366 0 0 0 0.00224052357432998 0 0 0 0 0 0 0 0 0 0 0 0 0 0
"Fgf7" 0 0 0.00128524232057812 0 0.00130741887800563 0 0 0 0.00114885337188146 0 0 0.00114191896243643 0 0 0 0 0 0 0 0 0 0 0 0 0 0.00113254344306767 0 0.00519764221138315 0 0 0 0 0 0 0 0 0 0 0 0 0 0 0 0 0 0 0 0
"Lamb1" 0 0 0.00135234171579583 0 0.00133311729502355 0 0.00126651058233633 0 0.00117619661952761 0 0 0.00118242712874221 0 0 0 0 0 0 0 0 0 0 0 0 0 0 0 0 0 0 0 0 0 0 0 0 0 0 0 0 0 0 0 0 0 0 0 0
"Igf1" 0.00117120110751367 0 0.0028395028151749 0.00503213568610677 0.00169908400695433 0 0.00142361585626947 0.00224134022859501 0.00461330400646004 0.00406692559201366 0.00537238923404355 0.00151574007721881 0.00420875752993359 0 0 0 0 0 0.00131762217363399 0 0 0 0 0 0.00121551900856601 0.00132429090100908 0 0.00109617296933589 0 0.00132755067004603 0 0 0 0 0.00618964943592142 0 0 0.0012821579606429 0.00111816417181117 0.00113619519853345 0 0.0011357484358023 0.00124112894160645 0 0.00441346747794287 0 0 0.00444313687017658
"Trf" 0.00113206805440037 0 0.00144940946874807 0.00379232108141822 0.00153028712903923 0 0.00134917630442088 0 0.00155239816224433 0 0 0.00150449191624229 0 0 0 0 0 0 0.001278907113207 0 0 0 0 0 0.00109747762656427 0.00124912553627246 0 0 0 0.00119734107639188 0 0 0 0 0 0 0 0.00121473854490868 0.00109557097124997 0 0 0 0.00110775910678111 0 0.00113651950972246 0 0 0.00109118911953192
"Vegfa" 0.00240318969403861 0 0.00165546803371112 0.00387769051653293 0.00160320559239241 0 0.00284044703400125 0 0.00276794155300118 0 0.00251029795733475 0.00147252459272457 0 0 0.00237618191372868 0.00212347510472588 0 0 0.00119254421227772 0.0024203298334835 0 0 0 0 0.00113981540034248 0.00143050603226441 0 0.00117739631953542 0 0.00112697675508823 0 0.00223136204419753 0.00258382754283819 0.00237301976242974 0 0 0 0.00122503156799166 0 0 0 0 0.0010924350923482 0 0 0 0 0
"Bmp5" 0.00161609411245662 0 0.00200162481544074 0.00118484323316278 0.00192664670296883 0 0.00143427882523884 0 0.0021444234285971 0.00129730850387692 0 0.00180441129497414 0.00117855769779946 0 0 0 0 0.00111019127152853 0.00145815354990321 0.00132086141429189 0 0.00319761460829553 0 0 0.00161966634204647 0.00168451624693657 0.00136662232336151 0.00128998099045659 0.00201806875611834 0.00181658930431355 0.00326083274138628 0.00109243827528387 0 0 0 0.00140038446748763 0 0 0.0016779099626114 0 0.00148676255632756 0.00148108094776808 0.00158710233152191 0 0.00137928448598854 0.00131265090450713 0.00118495932950721 0.00150547884757393
"Hgf" 0 0 0.0015963198371996 0.00117093206118782 0.00152173838182139 0 0.00276596438538609 0.002114527158599 0.0015821303266869 0 0 0.00139070664011293 0 0 0 0 0 0 0.00120418944173977 0 0 0 0 0 0.00114326472282991 0.00130070209824309 0.00466413216211115 0.00235802665943484 0 0.00116275496431329 0 0 0 0 0 0 0 0.0012275773965861 0 0 0 0 0.00115056805644858 0 0.0011012674913601 0 0 0
"Bdnf" 0.00117531036815031 0 0.00166264212186416 0.00222604616587564 0.00166672939054489 0 0.00153496142671056 0.00598031173618679 0.00279349973283571 0 0 0.00155366749472203 0 0 0 0 0 0 0.00118493145179269 0 0 0 0 0 0.00134179625692991 0.00151052837664753 0 0.00116528373886026 0 0.00118318051693701 0 0 0 0 0 0 0 0.00115469653591547 0.00115730027211238 0 0.00108305474756924 0.00110245535165393 0.00114669727855052 0 0.0010992625829827 0.00108106110568923 0 0
"App" 0 0.00433377164292448 0.0012608662861088 0 0.00428662495398182 0.00518723135277808 0.00108791880331294 0 0.0012410873519106 0 0.00519571486726886 0.00120946198192194 0 0 0 0 0 0 0 0 0 0.0458409813632717 0.00788329166507948 0.00742615135688653 0 0 0 0 0 0 0 0.00455335541849541 0 0 0 0 0 0 0 0 0 0 0 0 0 0 0 0.00412839816825544
"Manf" 0 0 0.00113424568314177 0 0.00108260972569971 0 0 0 0.00121877003942938 0 0 0.00119490125338881 0 0 0 0 0 0 0.00110624564770368 0.00110041747062286 0 0 0 0 0 0 0 0 0 0 0 0 0 0 0 0 0 0 0 0 0 0 0 0 0 0 0 0
"Il1b" 0.00261117992049089 0.00473051781521624 0.00198793173317504 0.00518861535750679 0.00193742800508225 0 0.00310340599199174 0 0.00582539956101891 0 0 0.00180284335259474 0 0.00465369794826533 0.00498984755065295 0.00610819585501071 0.00487909206664164 0.00496512994710278 0.00147210059049608 0.00125830803449759 0.00112938496458181 0 0.00109253984950799 0 0.00141038865799186 0.0016238894128799 0 0.00258825405817564 0 0.00146855126881699 0 0 0 0.00250634830949764 0 0.00116090556400328 0 0.00144601901035561 0.00126434338526611 0.00126321088339768 0.00111900767737437 0.00125138442946606 0.00152348202806054 0 0.00130349768813734 0.00122595836165268 0.00124120563646759 0.00124096161492405
"Apoe" 0 0.00439515923364999 0.0013732684912629 0 0.00128461570807211 0 0.00460862995865406 0 0.00141232557870475 0 0.00505118516854308 0.00117514479892138 0.00396342881260557 0 0 0 0 0 0 0 0 0 0 0 0 0 0 0 0 0 0 0 0 0 0 0 0 0 0 0 0 0 0 0 0 0 0 0
"Fgf2" 0.00238775461227508 0.00241942277429492 0.00171402362206595 0.00495312976158389 0.00175304959895765 0.00533752414006096 0.00288342824117119 0.00439570412645583 0.00561307382358825 0.00211232064551137 0.00254171414286582 0.0015332934058518 0 0 0 0 0 0 0.00132397506182081 0.00110235189829532 0 0 0 0 0.00127367805283066 0.0014643995320808 0 0.00125429501678053 0 0.00132063105351558 0 0 0 0 0 0 0 0.00123526067489422 0.00118933464522762 0 0 0 0.00123140884550477 0 0.00113297713197124 0.00107908739915419 0 0
