"Actb" "Bhlhe40" "Ier3" "Jag2" "Sema7a" "Socs3" "Vim" "Card19" "Cavin3" "Col18a1" "Susd6" "Tcim" "Ccnd3" "Dusp1" "Eif5a" "Gapdh" "Pfn1" "Selp" "Aldoa" "Fam129b" "Fkbp5" "Tnfrsf1a" "Ier5" "Ntn1" "Trim47" "Vasp" "Anxa2" "Gadd45g" "Klf13" "Tgfbr2" "Cd34" "Kit" "Vegfc" "Ldha" "Rps2" "Hif1a" "Tagln2" "B4galt1" "Pim3" "Cd164" "Ltbr" "Pkm" "Il1r1" "Serpinb9" "Emp1" "Pcbp1" "St5"
"Jag2" 0.00100912202880854 0.00122888470977224 0.00108653746602825 0.00111003115199631 0 0.00100305421188093 0.00101190305834297 0 0 0 0 0 0.000940551989421965 0.000914789431253201 0 0.000998002793059674 0 0 0 0 0 0 0 0 0 0.00101764729838746 0 0 0 0 0 0 0 0 0 0 0 0 0 0 0 0 0 0 0.000974148077127916 0 0
"Ceacam1" 0.0012398742593733 0.00121384950801755 0.00128110579869455 0 0 0.0013258102304738 0 0 0 0.000972769325266849 0 0 0.00112128991165067 0.0011815292136107 0.000956778147140169 0.0010301262635544 0.00106549481897497 0 0.000948599280525283 0.00099811577045171 0.00104179945159016 0.000926423259863338 0.0010278288712636 0.000924299523376855 0.00103850356699174 0.00104103974298925 0.000951463393295171 0.000927660835139346 0 0.00103244339607142 0 0 0 0 0 0.000972604754304189 0.00103627246839293 0.000991037985786748 0 0 0 0 0 0 0 0.000968242169450273 0.00100062625604623
"Nucb2" 0 0.00106737957414718 0.000966760211901614 0 0 0 0 0 0 0 0 0 0 0.000965704590860949 0 0 0 0 0 0 0 0 0 0 0 0 0 0 0 0 0 0 0 0 0 0 0 0 0 0 0 0 0 0 0 0 0
"Efnb2" 0 0.00090581256937122 0.000957075983192659 0 0 0 0 0 0 0 0 0 0 0 0 0 0 0 0 0 0 0 0 0 0 0 0 0 0 0 0 0 0 0 0 0 0 0 0 0 0 0 0 0 0 0 0
"Dll1" 0.00179543481333771 0.0018167305577623 0.0016324055789768 0.00132056097576525 0.00154231496883586 0.00148315538576776 0.00146070062214552 0 0 0.00118395736710442 0 0 0.00113661164829119 0.00140300590269946 0.00114039120574871 0.00157721599466369 0.00130590349484466 0 0.00124446387229204 0.00135373731973406 0.0014611671673979 0.00129633828182705 0.0014122440813008 0.00108519374543161 0.00148245207377306 0.00151129731560591 0.00120521995610338 0.0015643619109394 0.00154644059627533 0.00135513370986 0 0.000982181960055665 0.000909056361965088 0.00105984292157507 0.00115097293757836 0.00134202141568859 0.00143885320562796 0.00123546255956474 0.00114263360955015 0.00091120075221267 0.000978944059605124 0.00120120726968297 0 0.000972641479550281 0.00102244253639839 0.00121920498266441 0.00107042357016235
"Wnt4" 0.00147917445796823 0.00167163685746515 0.00174788098222967 0 0 0.00134921969987296 0.00103848418698024 0 0 0.00115307374115637 0 0 0.00102275416070853 0.00144070606711253 0.00126083531049856 0.00135156197291792 0.00136607040711604 0 0.000983772146074779 0.00134483388761679 0.00125179426759569 0.00129339955177817 0.0014130623664571 0.001027106590842 0.00138217658213188 0.00123188564392629 0.0013155093364863 0.00113623881393065 0.00104501284744398 0.00119962435110357 0 0 0 0 0.00106832409401989 0.00113164822840234 0.00125443769965013 0.0011867885516981 0.00144257471481377 0 0.00113036906008647 0.00114967055433244 0 0 0.000939630855464112 0.0011653138611775 0
"Yars" 0.00103185817592897 0.00129226383481009 0.00144648496867395 0 0 0.00103032214014789 0.000949332187481903 0 0 0 0 0 0 0.00111268045120497 0 0.000947162989681565 0.000919183792091821 0 0.000941890404822139 0.000957120669424094 0.000929597147013273 0.000907663840536573 0.00101200316502565 0.00124746467164829 0.000966644839152685 0.000921807886634753 0.00098000849604127 0.000932434759514012 0 0.0010141089585502 0 0 0 0 0 0 0.00101458346670644 0.000910030898981361 0 0 0 0 0 0 0.000938190472426571 0 0
"Pcdh1" 0.00130990616096732 0.00124473003500201 0.00127197955683965 0 0.000920513047263588 0.00101527313567093 0.00104771033667529 0 0 0.00104704148537932 0 0 0.000936289845419301 0.00113524182426445 0.000961761721164189 0.00102257405557049 0.00104015187847841 0 0 0.00109442602441407 0 0.000961743715191251 0.00113335967884579 0.00108503341788483 0.00099608205647337 0.00102255171118882 0.000948686040387507 0.00102123168337378 0 0.0011015006654493 0 0 0 0 0 0 0.0011033243366148 0 0 0 0 0.000939007792620163 0 0 0 0.00109124200567093 0.00107961316695411
"Gdf2" 0.00213501201390166 0.00240689917141407 0.0022674094104881 0.000944892962533332 0.00135425399682187 0.00194821165911112 0.00167292497578037 0.00313399997178544 0.00138664197436191 0.00179664844664334 0.00221943608694417 0.00147939821577045 0.00188123892427941 0.00193034303881713 0.00128669807671179 0.00130290308017767 0.00147344931489927 0 0.00123366652712904 0.00157932165341485 0.00168171011270058 0.00141185169984845 0.00165053510137965 0.00176009811699551 0.00139568641549379 0.00164356409730834 0.00191281566599148 0.00177788910422887 0.00122433068076162 0.00230220235491782 0.00129286809639286 0.00153939199515205 0.00107717506906623 0.00144311784038355 0.00104015771036894 0.00133285090913111 0.00190341154480721 0.00125289773773666 0 0.00095800157472052 0.0010207641092373 0.00182755998317508 0.00131527467791327 0.00116000229804651 0.00161323049660709 0.00133555438752287 0.00189005948897606
"Vegfd" 0.00122379582036767 0.00133701104251214 0.00158322425384147 0 0 0.0012461150561939 0 0 0 0.00106997049462003 0 0 0.00107425311601811 0.00115347441675498 0.000929328944286353 0.00123642571285469 0.000984237995894516 0 0.00110039059966099 0.00102986078105812 0.00107361322638668 0.000990308032944089 0 0 0.0010358589614863 0.000978434388510791 0.00102925656855587 0.000908591191129813 0 0.00107735135971933 0 0 0 0.000995386771002785 0 0.00111276762829078 0.00101548255936024 0.00106807773421093 0 0 0.000946017179402239 0 0 0 0.000930501293492915 0.000972062413742657 0
"Itga4" 0 0 0.000987407534430331 0 0 0 0 0 0 0 0 0 0 0 0 0 0 0 0 0 0 0 0 0 0 0 0 0 0 0 0 0 0 0 0 0 0 0 0 0 0 0 0 0 0 0 0
"Hspg2" 0.00116983347447202 0.00137597068690354 0.00124322014947712 0 0 0.00109900392966455 0.00106998959192149 0 0 0.000982167834995706 0 0 0.00102342177501746 0.00106077638424424 0 0.00103697127844957 0.000933892568175361 0 0 0.00100148430753062 0.000954667615591923 0 0.00097191072068736 0 0.000905836963056344 0.000964467184782326 0.00093359223201115 0.00104605892674857 0 0.000952784972844745 0 0 0 0 0 0.00091053820895753 0.000944913486726178 0 0 0 0 0.000973830363455549 0 0 0.00102034567401766 0 0
"Il1b" 0.00174793447157904 0.00203867131847956 0.00193742800508225 0.00091349350624289 0.00109253984950799 0.00585863121138335 0.00140556229643095 0 0 0.00140493659882632 0 0 0.00159917277814047 0.00188739807268301 0.0014349293522305 0.00162769845514528 0.00161909072056996 0.00255368933198285 0.00144601901035561 0.00151908690638467 0.00147210059049608 0.0028408585681371 0.00146733127762813 0.00122277554874208 0.00136860675650839 0.00156550817193479 0.00261117992049089 0.00152348202806054 0.00132260701504684 0.00482781127689751 0 0.000931219693683123 0.00650429901120388 0.00125830803449759 0.00112938496458181 0.00518861535750679 0.00135759262380025 0.00146743375583962 0.00126321088339768 0.00101583722350855 0.00121612212593192 0.00122595836165268 0.00694940989099363 0.0063523928756292 0.00111900767737437 0.00129885089812738 0.00122241907760394
"Rps19" 0.00100367974280875 0.00102367989052771 0.00105870505522464 0 0 0 0 0 0 0 0 0 0 0 0 0.00090740888216243 0 0 0 0.000920364956359387 0 0 0.000954105839617446 0 0.000907948435763161 0 0 0 0 0 0 0 0 0 0 0 0 0 0 0 0 0 0 0 0 0 0
"Il1rn" 0.00142414506818491 0.0016741537739437 0.00182630634617351 0 0 0.00154112690518722 0.00132334998866946 0 0 0.000949886691181122 0 0 0.00117984760690547 0.00156687162418983 0.00113707417792488 0.00117939336727249 0.00164624463949052 0 0.000969131089139157 0.00122634654688256 0.00147121974325394 0.00170077525032638 0.0013787304782195 0.00113457133284662 0.00126953301103643 0.00126090549892589 0.00118495064694029 0.00113370916560653 0.0011012235914886 0.00113831394716633 0 0.000909713130035592 0.00111350308095574 0.00100754047309543 0.00112331817473385 0.00130563674955787 0.00120573204417472 0.00124923307747795 0.00112856520303216 0 0.0010418313797102 0 0.00111294622128339 0 0 0.00104881433838806 0.000970635512394817
"Plxnb2" 0 0.000912628807058513 0.000954585277935469 0 0 0 0 0 0 0 0 0 0 0.000919826652591456 0 0 0 0 0 0 0 0 0 0 0 0 0 0 0 0 0 0 0 0 0 0 0 0 0 0 0 0 0 0 0 0 0
"Clec11a" 0.00123706477991163 0.00145567344382439 0.00147781930784152 0 0 0.00116241027846522 0.00106794581258685 0 0 0.00108525914207053 0 0 0.00102292402876864 0.00119810135342801 0.00116795973321501 0.00124054382036867 0.00135300265567966 0 0.00108830736977285 0.0011661939074185 0.00126815608354181 0.00103361343050889 0.00118147037383315 0.00106504281632917 0.0012763455516016 0.00118072025871411 0 0.000952361574599845 0 0.000937256244806519 0 0 0 0.00107805476991397 0.00105374748698206 0.00106967431570786 0.00105971126096457 0.00102578235156638 0.000906155248582152 0 0.000942696372529535 0 0 0 0 0.000995094521254158 0
"Itgb7" 0.00100823625689274 0.00111956870826202 0.00111638879194851 0 0 0.000924654603307252 0 0 0 0 0 0 0 0.000994798612226928 0 0 0 0 0 0.000920418138581388 0 0 0.00105132935200554 0 0.000916117428419834 0 0 0.000931779781856279 0 0.00108623383252812 0 0 0 0 0 0 0.000908151411878822 0 0 0 0 0 0 0 0 0 0
"Icam1" 0.00118513435505379 0.00129345089814636 0.00141859594051234 0 0 0.00120807737808542 0.00105634377404445 0 0 0 0 0 0.00103934012442807 0.00116102797854379 0.00102352819328454 0.00105518590961986 0.00121038777288525 0 0 0.00108321993521124 0.0010358136467394 0.000994214559060387 0.00109600325737871 0 0.00101332535012876 0.00100842390152386 0.000944296745217409 0.000996357294552037 0 0.000993829380250633 0 0 0 0 0 0.000960204856686694 0.000916108728016937 0.000993604386548263 0 0 0 0 0 0 0 0.00102350886413998 0
"Itgam" 0.00115234982413562 0.00131627315158071 0.00128710215959032 0 0 0.00112798956222543 0.00107999660187595 0 0 0 0 0 0.000987111030874856 0.00114632555088092 0.000927181637157721 0.00106662959338067 0.00105569737502626 0 0.000956810510215479 0.00112493920512581 0.00101583288835441 0.00101876574012982 0.00105046403627376 0 0.000997663693739401 0.00103944425349614 0.000927434730309721 0.00100430731014693 0 0.00104359627468903 0 0 0 0 0 0.000907530818519893 0.000970900777017894 0.000971709453367647 0 0 0 0 0 0 0 0 0
"Efnb1" 0 0.000982105672626734 0.000995863644069516 0 0 0.000911752715171104 0 0 0 0 0 0 0 0 0 0 0 0 0 0 0 0 0 0 0 0 0 0 0 0 0 0 0 0 0 0 0 0 0 0 0 0 0 0 0 0 0
"Cxcl12" 0.00103059421067205 0.00131870328332502 0.00137982727773468 0 0 0.00132478426710201 0.00092328267113134 0 0 0 0 0 0.00103755949387473 0.00119194138143145 0 0.000979434577825265 0.000912727636224651 0 0 0.000993894435725433 0 0.000949993477459713 0 0 0 0.000970389508393729 0.000916779876187599 0.000918153002181481 0 0.0010588668895946 0 0 0 0 0 0 0 0.000907170329239322 0 0.00195817923627071 0.00237602971550721 0 0 0 0 0 0
"Col1a1" 0.00150260770807709 0.00165395834842459 0.00154697020220672 0.000921513435606036 0 0.00126670990784842 0.00118511499633115 0 0 0.00131242326317063 0 0 0.00118297696870316 0.00139174815184668 0.00118205647919561 0.00123349073113234 0.0014147910999898 0 0.00135785385354049 0.00161247648963833 0.00114071815932327 0.00126096958723495 0.00128308054787748 0.00101850499364064 0.00135331957053758 0.00142155986485445 0.00123641513317193 0.00120490897322715 0.00125238868848836 0.00124181064576978 0 0.000959814523705255 0 0.000978598894529991 0.000929333533354171 0.00114965533500126 0.00142931651634521 0.00134436650058469 0.00132754963775339 0.000928246437070436 0.00113674277861593 0.00116154321749254 0 0 0.00106359086967158 0.00105715783517807 0.000955089505313264
"Arf1" 0 0 0.000916389129718489 0 0 0 0 0 0 0 0 0 0 0 0 0 0 0 0 0 0 0 0 0 0 0 0 0 0 0 0 0 0 0 0 0 0 0 0 0 0 0 0 0 0 0 0
"Trf" 0.00140718378024421 0.00143417866455302 0.00153028712903923 0 0 0.00118732573087166 0.00117393762449016 0 0 0.00116196328188222 0 0 0.00105640264423089 0.00141248965213612 0.0011395770802952 0.00135532719371551 0.00133676657631843 0 0.00121473854490868 0.0012441649387228 0.001278907113207 0.00115099727155137 0.0012265141725706 0.00105937835544601 0.00124195813884568 0.00125281425836679 0.00113206805440037 0.00110775910678111 0.00102721044845209 0.00118263728973649 0 0 0 0.00104451534945397 0.000952184386883791 0.00379232108141822 0.00122380914411356 0.00109988848880838 0.000935434075213437 0 0.000963960204873915 0.00101393142521181 0.000933604171781069 0 0.00105355869695867 0.00107263040395539 0.000955261426833542
"Manf" 0.00100631839929851 0.00127507820990402 0.00108260972569971 0 0 0.000913088011359233 0 0 0 0.000973133099199429 0 0 0.000956138672895434 0.00113879118521078 0.00109061571687083 0.00127641383298859 0.00122199253411193 0 0.000988155110131294 0.00116964760390352 0.00110624564770368 0.000935940251410519 0.00102555795182964 0 0.00112512087192132 0.00101525552951803 0 0.000950158094957031 0.000922693084199874 0.00092892370523228 0 0 0 0.00110041747062286 0.00107664980865046 0.000945505401841766 0.00104258195196587 0.000975805529001341 0 0.000932048500700498 0.000952052535372375 0 0 0 0 0.000967468695201484 0
"C3" 0.000942043220681499 0.00105562083355485 0.00110182053095711 0 0 0 0 0 0 0 0 0 0 0.000992824127097917 0 0.000940773363022761 0 0 0 0 0 0 0 0 0 0 0 0 0 0 0 0 0 0 0 0 0 0 0 0 0 0 0 0 0 0 0
"Adam17" 0.00152012849124405 0.00154248234840864 0.00172829346361237 0 0.000923352070730834 0.00143038606989501 0.00126344713866316 0 0 0.00107690827139091 0 0 0.00119691697368809 0.00154950088954675 0.00110350496397511 0.00127317639260921 0.0013662293519631 0 0.00114981150815589 0.00128666271153234 0.0012549805402332 0.00124626000143875 0.0014235664566575 0.00103287932416042 0.00118864422508265 0.00133463353805551 0.00114168079867922 0.00109938512602467 0.00113529151358724 0.0012657835373621 0.0025782194792716 0.00230343219737381 0.00256423244403896 0.000963793914237198 0.000988773461684712 0.00119943326858578 0.00121212877268694 0.00110047330431455 0.00102248491807381 0 0.00102562691992407 0.00109809810017397 0.000925573461040264 0 0.00102240686251414 0.00103154443443899 0.000947261503675812
"Col4a1" 0.00115017429167651 0.00128868388073533 0.00118216257804888 0 0 0.00108389834115251 0 0 0 0.000927275335449111 0 0 0.000916043266937642 0.00103337837273075 0 0.000907612849414221 0.000939058120404421 0 0 0.00106661637212179 0 0.000910142986140524 0.000997719220496725 0.00115823623014007 0.0010838275440203 0.000941898678117625 0.00108578841577469 0.00108993255240146 0.00106039776278935 0.00121700748661509 0 0 0 0 0 0 0 0 0 0 0 0 0 0 0 0 0
"Vcam1" 0 0 0.000961610728116267 0 0 0 0 0 0 0 0 0 0 0 0 0 0 0 0 0 0 0 0 0 0 0 0 0 0 0 0 0 0 0 0 0 0 0 0 0 0 0 0 0 0 0 0
"Copa" 0 0 0.000949178423003988 0 0 0 0 0 0 0 0 0 0 0 0 0 0 0 0 0 0 0 0 0 0 0 0 0 0 0 0 0 0 0 0 0 0 0 0 0 0 0 0 0 0 0 0
"Lgals3" 0.00104067261185247 0.00116308123280775 0.00116760726142911 0 0 0.00207635953436987 0 0 0 0.000925684998344315 0 0 0 0.00107869601098736 0 0.00108404011885786 0.00098535802368398 0 0.00095873686814431 0.00106300445138318 0.0009295524560023 0.0041169125117841 0.00091042819366725 0 0.000915548320962824 0.000923284068162 0 0 0 0.000906892389987984 0 0 0 0 0 0 0.000924255608143483 0 0 0 0 0 0 0 0 0 0
"Selplg" 0.000960851999208765 0.00102770745793143 0.0011329053881389 0 0 0 0 0 0 0 0 0 0 0.000915352598600192 0 0 0 0.00261856202650119 0 0 0 0 0 0 0 0 0 0 0 0 0 0 0 0 0 0 0 0 0 0 0 0 0 0 0 0 0
"Bmp5" 0.00185652795516258 0.00180160492251877 0.00192664670296883 0 0.000982230252667582 0.00158700969794174 0.00148929278169747 0.00468312304954623 0.00201806875611834 0.00177474943881919 0.00326083274138628 0.00201583692211044 0.00139770437819508 0.00157354143542606 0.00124617948856424 0.00128514513399694 0.00142784217792205 0 0.00107184861617507 0.00157497733933868 0.00145815354990321 0.00125362862731449 0.00154539459134103 0.00148638086414499 0.00145600722175197 0.00125468011955065 0.00161609411245662 0.00158710233152191 0.00107046466029961 0.00155712036200032 0 0.00119885250199706 0.000985181539074503 0.00132086141429189 0 0.00118484323316278 0.00167560968229711 0.0013329319574764 0.000935858547337494 0 0.000927224538464644 0.00131265090450713 0.00124037222550912 0.00090573230630975 0.00148676255632756 0.00133175317181278 0.00137697610364818
"Dll4" 0.00185625641413516 0.00222892152937354 0.00195067239704965 0.00196885881649216 0.00181279464419215 0.00185753483398235 0.0017665762779185 0 0 0.0013602375603735 0 0 0.00109339414783386 0.00163613682096015 0.00132385233959176 0.00163330306677098 0.00137749901709754 0 0.00139071133775004 0.00174999296331799 0.00164172896359844 0.00143078965072025 0.00165200837089409 0.00129195362119148 0.00162968521066172 0.00169125364199352 0.00137800726843753 0.00158356148281033 0.00174747226115634 0.00151750778809441 0 0.000997644979908652 0.00095473399627453 0.00125021253953696 0.00141480378805595 0.00121433108199863 0.00154348887308327 0.00140351752298516 0.00129801888007981 0.00102243525585093 0.00112912455799718 0.0014091315517251 0 0.00116070701212102 0.00112845541413895 0.00149200920147672 0.00125485902144907
