"Col1a2" "Col3a1" "Pdgfd" "Serpine2" "Gapdh" "Id3" "Sod3" "Flot1" "Creb3l2" "Dbp" "Ensa" "Gnas" "Cavin3" "Col18a1" "Tgm2" "Rab34" "Foxc1" "Ifitm3" "Rnase4" "Bgn" "Cd164" "Rgs2" "Sparc" "Tagln2" "Cdh13" "Osr1" "St5" "Tspan3"
"Wnt4" 0 0 0 0 0.00135156197291792 0.00159064063750903 0 0.00142311560227045 0 0.00116093505388069 0 0.00118969723007182 0 0.00115307374115637 0 0.00142759230253035 0 0 0 0 0 0 0 0.00125443769965013 0 0 0 0
"Gmfb" 0 0 0 0 0.0014149408589975 0.00149349716164946 0 0.00136957856631868 0 0 0 0.00122241312625556 0 0.00118815372716528 0 0.00130957091505768 0 0 0.00113867234689896 0 0 0 0 0.0011755126647806 0 0 0 0
"Tfpi" 0 0 0 0 0 0.0014788268531397 0 0.00115473442218762 0 0 0 0 0 0 0 0.00118038621919594 0 0 0 0 0 0 0 0 0 0 0 0.00195311245494495
"F7" 0 0 0 0 0 0.00120542606372831 0 0 0 0 0 0 0 0 0 0 0 0 0 0 0 0 0 0 0 0 0 0
"Fgf7" 0 0 0 0 0 0.00137098179705884 0 0 0 0 0 0 0 0 0 0 0 0 0 0 0 0 0 0 0 0 0 0
"Ptprf" 0 0 0 0 0.00115929385767465 0.00130679880186445 0 0.00119500309381047 0 0 0 0 0 0 0 0.0011565284755756 0 0 0 0 0 0 0 0 0 0 0 0
"Il1b" 0 0.00516287095521492 0 0 0.00162769845514528 0.00481314634896284 0 0.00167759745533054 0.00114250944794209 0.00134772629605776 0 0.00125859410083264 0 0.00140493659882632 0.0012445521488195 0.00154493163686205 0 0 0.00137052111366722 0.00556725311719056 0 0 0.00250634830949764 0.00135759262380025 0.00124416644059286 0 0.00122241907760394 0
"Il33" 0 0 0 0 0 0.00129373928315927 0 0 0 0 0 0 0 0 0 0 0 0 0 0 0 0 0 0 0 0 0 0
"Rspo3" 0 0 0 0 0 0.00141752793489267 0 0.00123170076389249 0 0 0 0 0 0 0 0.001207779792031 0 0.00132256002059045 0.0011389151089891 0 0 0 0 0 0 0 0 0
"Jam2" 0 0 0 0 0.00137481463700003 0.0016848772690942 0 0.00120081771920837 0 0.00149328627470873 0 0.00130113362984204 0 0.00137715171747212 0.00114075861796367 0.00127773832133721 0 0.00124434265851746 0 0 0 0 0 0.00129988427258491 0 0 0.0011534844029026 0
"Col18a1" 0 0 0 0 0 0.00129967176804586 0 0 0 0 0 0 0 0 0 0 0 0 0 0 0 0 0 0 0 0 0 0
"Tnfsf13b" 0 0 0 0 0 0.00133349852281733 0 0.00114725578863451 0 0 0 0 0 0 0 0 0 0 0 0 0 0 0 0 0 0 0 0
"Lamb1" 0 0 0 0 0 0.00133981530395671 0 0.00122282933119129 0 0 0 0 0 0 0 0.00119140845189959 0 0 0 0 0 0 0 0 0 0 0 0
"Pros1" 0 0 0 0 0.00139754844491823 0.0017063752987496 0 0.00145970538630242 0 0.00118364572160876 0 0 0 0.00118367436715122 0.00118611449741568 0.00141462331541711 0 0 0.00122516617094194 0 0 0 0 0 0.00115312946087115 0 0.00124658646161944 0
"Bmp4" 0 0 0 0 0.00151062941428825 0.0031134178316229 0 0.00152609710098334 0.00113744354472339 0.0013621102431336 0.00115588337896181 0.00129208715619899 0 0.00141224794239243 0.00131083177345458 0.00150598278085178 0.00124451042241709 0 0.00123761477208361 0 0 0 0 0.00135165136015141 0.00128656963934405 0.00115971064852977 0 0
"Pcdh1" 0 0 0 0 0 0.0012965677340796 0 0.00115795034522792 0 0 0 0 0 0 0 0 0 0 0 0 0 0 0 0 0 0 0 0
"Ltf" 0 0 0 0.00732649353252666 0.00204879153424535 0.00158221435982973 0.00921462014874502 0.00139664671275117 0 0 0 0.00175073799719792 0 0.00120268529478144 0 0.00135788366035792 0 0 0 0 0 0 0 0.00125448810276825 0 0.00827156885926515 0.00169565130135711 0
"Itgb7" 0 0 0 0 0 0.00126248559824723 0 0 0 0 0 0 0 0 0 0 0 0 0 0 0 0 0 0 0 0 0 0
"Celsr1" 0 0 0 0 0 0.0013002783182549 0 0.00123074854504376 0 0 0 0 0 0 0 0 0 0 0 0 0 0 0 0 0 0 0 0
"Mmp9" 0 0 0 0 0.00117644706106746 0.00136684470328049 0 0.00123968510073616 0 0 0 0 0 0 0 0.00117159547223598 0 0 0 0 0 0 0 0 0 0 0 0
"Col1a1" 0 0 0 0 0.00123349073113234 0.00175139390541851 0 0.00153440582588834 0 0 0 0.00124627617178789 0 0.00131242326317063 0.00128841646993525 0.00126009819003176 0 0 0.00114654654756787 0 0 0 0 0.00142931651634521 0.00125137121732849 0 0 0
"Col4a1" 0 0 0 0 0 0.00147693163390325 0 0 0 0 0 0 0 0 0 0 0 0 0 0 0 0 0 0 0 0 0 0
"Fbn1" 0 0 0 0 0 0.00136671930560248 0 0.00114286204758874 0 0 0 0 0 0 0 0 0 0 0 0 0 0 0 0 0 0 0 0
"Nrtn" 0 0 0 0 0 0.00126934064583078 0 0 0 0 0 0 0 0 0 0 0 0 0 0 0 0 0 0 0 0 0 0
"Fgf1" 0 0 0 0 0 0.00144977728309828 0 0 0 0 0 0 0 0 0 0 0 0 0 0 0 0 0.00224052357432998 0 0 0 0 0
"Hc" 0 0 0 0 0 0 0 0 0 0 0 0 0 0 0 0 0 0 0 0 0 0.00175817396763475 0 0 0 0 0 0
"Jag2" 0 0 0 0 0 0.00119950726459959 0 0 0 0 0 0 0 0 0 0 0 0 0 0 0 0 0 0 0 0 0 0
"Cxcl12" 0 0 0 0 0 0.00125994899055875 0 0 0 0 0 0 0 0 0 0 0 0 0 0 0.00195817923627071 0 0 0 0 0 0 0
"Fgf2" 0.00225688661748847 0 0 0 0.00271055838891752 0.00175528603823209 0 0.00140039492187465 0 0 0 0 0 0.00117025777011331 0 0.00134266712633732 0.00261773623986327 0 0 0.00244344294139355 0 0 0 0.00124360771361438 0.00114009830324298 0 0 0
"Agrn" 0 0 0 0 0 0.00133005617809613 0 0 0 0 0 0 0 0 0 0 0 0 0 0 0 0 0 0 0 0 0 0
"Hspg2" 0 0 0 0 0 0.0014333956263109 0 0 0 0 0 0 0 0 0 0 0 0 0 0 0 0 0 0 0 0 0 0
"Hmgb1" 0.00475573633823363 0.0051460437121562 0 0.00114805740601357 0.00211550342687762 0.00243710231296217 0 0.00208214105952824 0.00143843555972767 0.00162909568360302 0.00124502264588061 0.00170276955605402 0 0.0016833063062463 0.00167389629819487 0.00212224759575135 0.00135013406488128 0.00136559644676244 0.00188618252247893 0 0.00125974902202417 0 0 0.00162298188378865 0.00170591326137081 0.00122094693034288 0.00149981017415864 0
"Bmp5" 0 0.00128247069133391 0 0 0.00128514513399694 0.00222982228286429 0 0.00139839718122763 0.00126724979997691 0.00130032632625639 0.0011869907105655 0.00139222012539679 0.00201806875611834 0.00177474943881919 0.00174326264254957 0.00125063977431335 0.0015047755863577 0 0.00118089569378134 0 0 0 0 0.00167560968229711 0.00154229265838023 0.00130165943175057 0.00137697610364818 0
"Plau" 0.00450608085517301 0.00518332917048412 0 0 0.00176252224706461 0.00179817044339678 0 0.00148073465063799 0.00185430955202269 0.00197064935068926 0.00199194463378534 0.00206668657538063 0 0.00132869359411264 0.00121218561770277 0.00166352567848381 0 0 0.0012112997934298 0 0 0 0 0.00138478863960312 0.00179987977458833 0 0 0
"Spp1" 0.00421524682203956 0.00495879526473618 0 0 0.00119273253630364 0.0014267373474043 0 0.00133959162828033 0 0 0 0 0 0 0 0.00118227477928666 0 0 0 0 0 0 0 0 0 0 0 0
"Edn1" 0.00430284300218838 0.00507425261027675 0 0 0.00126633164836397 0.00140391789878661 0.00226081437859102 0.00114610231587765 0 0 0 0 0 0 0 0 0 0 0 0 0 0 0 0 0 0 0 0
"Tgfb1" 0.00782831487095467 0.00527727585757168 0.00562770515478319 0.00452512600179892 0.00153336342413857 0.00311605929807148 0 0.00167447646451182 0 0.00125848031474089 0 0.00129140126221758 0 0.00138206816395869 0.00266884991861057 0.00157192444202058 0.00291018960252921 0 0.00123676457527461 0.00255800440815857 0 0 0.002517570023229 0.0014048054064054 0.00131669776261892 0 0.00127593338968692 0
