"","Ephb4","Lrp6","Lifr","Dlg1","Sec63","Chrm2","S1pr1","Ptpra","Ptprm","Adrb2","Ryk","Fzd4","Ptprk","Dag1","Itga1","Itga2","Cd151","Itga6","Itgb1","Rpsa","Tek","Tie1","Ackr2","Igf1r","Cd36","Cd47","Acvrl1","Eng","Tgfbr3","Glg1","Fgfr3","Nrp1","Cdh5","Ptprb","Lyve1","Flt1","Kdr","Tnfrsf1a","Glp1r","Mylk","Atp5b","Pkd2","Notch1","Notch4","Icam2","Ntrk2","F11r","Jam2","Rrbp1","Agtrap","Fas","Scarb1","Robo4","Plxna2","Pecam1","Kit","Il6st","Il4ra","Esam","Erap1","Clstn1","Cd34","Calm1","Adgrl3","Bmpr2"
"Col4a1",0,0,0,0,0,0,0,0,0,0,0,0,0,0,0.151129337145447,0,0,0,0.124822975832743,0,0,0,0,0,0,0,0,0,0,0,0,0,0,0,0,0,0,0,0,0,0,0,0,0,0,0,0,0,0,0,0,0,0,0,0,0,0,0,0,0,0,0,0,0,0
"Sema7a",0,0,0,0,0,0,0,0,0,0,0,0,0,0,0.244765300528363,0,0,0,0.206282774030582,0,0,0,0,0,0,0,0,0,0,0,0,0,0,0,0,0,0,0,0,0,0,0,0,0,0,0,0,0,0,0,0,0,0,0,0,0,0,0,0,0,0,0,0,0,0
"Fbn1",0,0,0,0,0,0,0,0,0,0,0,0,0,0,0,0,0,0,0.193718678148794,0,0,0,0,0,0,0,0,0,0,0,0,0,0,0,0,0,0,0,0,0,0,0,0,0,0,0,0,0,0,0,0,0,0,0,0,0,0,0,0,0,0.400739617905946,0,0,0,0
"Angpt2",0,0,0,0,0,0,0,0,0,0,0,0,0,0,0,0,0,0,0.223456102641836,0,0.994355107744963,0,0,0,0,0,0,0,0,0,0,0,0,0,0,0,0,0,0,0,0,0,0,0,0,0,0,0,0,0,0,0,0,0,0,0,0,0,0,0,0,0,0,0,0
"Agrn",0,0,0,0,0,0,0,0,0,0,0,0,0,0.388241151265362,0,0,0,0,0.206282774030582,0,0,0,0,0,0,0,0,0,0,0,0,0,0,0,0,0,0,0,0,0,0,0,0,0,0,0,0,0,0,0,0,0,0,0,0,0,0,0,0,0,0,0,0,0,0
"Tnfsf13b",0,0,0,0,0,0,0,0,0,0,0,0,0,0,0,0,0,0,0.22224896526865,0,0,0,0,0,0,0,0,0,0,0,0,0,0,0,0,0,0,0,0,0,0,0,0,0,0,0,0,0,0,0,0,0,0,0,0,0,0,0,0,0,0,0,0,0,0
"Spp1",0,0,0,0,0,0,0,0,0,0,0,0,0,0,0,0,0,0,0.0923475211196466,0,0,0,0,0,0,0,0,0,0,0,0,0,0,0,0,0,0,0,0,0,0,0,0,0,0,0,0,0,0,0,0,0,0,0,0,0,0,0,0,0,0,0,0,0,0
"Npnt",0,0,0,0,0,0,0,0,0,0,0,0,0,0,0,0,0,0,0.142809967830446,0,0,0,0,0,0,0,0,0,0,0,0,0,0,0,0,0,0,0,0,0,0,0,0,0,0,0,0,0,0,0,0,0,0,0,0,0,0,0,0,0,0,0,0,0,0
"Adam15",0,0,0,0,0,0,0,0,0,0,0,0,0,0,0,0,0,0,0.0960889624155033,0,0,0,0,0,0,0,0,0,0,0,0,0,0,0,0,0,0,0,0,0,0,0,0,0,0,0,0,0,0,0,0,0,0,0,0,0,0,0,0,0,0,0,0,0,0
"Mmp9",0,0,0,0,0,0,0,0,0,0,0,0,0,0,0,0,0,0,0.401681940026392,0,0,0,0,0,0,0,0,0,0,0,0,0,0,0,0,0,0,0,0,0,0,0,0,0,0,0,0,0,0,0,0,0,0,0,0,0,0,0,0,0,0,0,0,0,0
"Hsp90b1",0,0,0,0,0,0,0,0,0,0,0,0,0,0,0,0,0,0,0.176622449563947,0,0,0,0,0,0,0,0,0,0,0,0,0,0,0,0,0,0,0,0,0,0,0,0,0,0,0,0,0,0,0,0,0,0,0,0,0.266324945708154,0,0,0,0,0,0,0,0,0
"Kitl",0,0,0,0,0,0,0,0,0,0,0,0,0,0,0,0,0,0,0,0,0,0,0,0,0,0,0,0,0,0,0,0,0,0,0,0,0,0,0,0,0,0,0,0,0,0,0,0,0,0,0,0,0,0,0,0.720133288433352,0,0,0,0,0,0,0,0,0
"Grn",0,0,0,0,0,0,0,0,0,0,0,0,0,0,0,0,0,0,0,0,0,0,0,0,0,0,0,0,0,0,0,0,0,0,0,0,0,0.270708918618151,0,0,0,0,0,0,0,0,0,0,0,0,0,0,0,0,0,0,0,0,0,0,0,0,0,0,0
"Adam17",0,0,0,0,0,0,0,0,0,0,0,0,0,0,0,0,0,0,0.215323106219401,0,0,0,0,0,0,0,0,0,0,0,0,0,0,0,0,0,0,0.316229024583641,0,0,0,0,0.481738340608718,0,0,0,0,0,0,0,0,0,0,0,0,0,0,0,0,0,0,0,0,0,0
"Ltb",0,0,0,0,0,0,0,0,0,0,0,0,0,0,0,0,0,0,0.103295647788543,0,0,0,0,0,0,0,0,0,0,0,0,0,0,0,0,0,0,0.497927069078418,0,0,0,0,0,0,0,0,0,0,0,0,0,0,0,0,0,0,0,0,0,0,0,0,0,0,0
"Itga4",0,0,0,0,0,0,0,0,0,0,0,0,0,0,0,0,0,0,0,0.0995665826262429,0,0,0,0,0,0,0,0,0,0,0,0,0,0,0,0,0,0,0,0,0,0,0,0,0,0,0,0.610243816266061,0,0,0,0,0,0,0,0,0,0,0,0,0,0,0,0,0
"Pros1",0,0,0,0,0,0,0,0,0,0,0,0,0,0,0,0,0,0,0,0.216274304565458,0,0,0,0,0,0,0,0,0,0,0,0,0,0,0,0,0,0,0,0,0,0,0,0,0,0,0,0,0,0,0,0,0,0,0,0,0,0,0,0,0,0,0,0,0
"Rps19",0,0,0,0,0,0,0,0,0,0,0,0,0,0,0,0,0,0,0,0.211404329570513,0,0,0,0,0,0,0,0,0,0,0,0,0,0,0,0,0,0,0,0,0,0,0,0,0,0,0,0,0,0,0,0,0,0,0,0,0,0,0,0,0,0,0,0,0
"Itgb1",0,0,0,0,0,0,0,0,0,0,0,0,0,0.254889308469711,0.0191046837392178,0.01688556469641,0.031902423637437,0.021556518205158,0,0,0,0,0,0.346889627892154,0.0243952311250185,0.37047288854909,0,0.805847413407606,0,0,0,0,0,0,0,0,0,0,0,0,0,0,0,0,0,0,0,0.610243816266061,0,0,0,0,0,0,0,0,0,0,0,0,0,0,0,0,0
"Dusp18",0,0,0,0,0,0,0,0,0,0,0,0,0,0,0.0264377407495297,0.0233668449028916,0.0441477083275056,0.0298306764744077,0.0218358495907046,0.0161365689282064,0,0,0,0,0,0,0,0,0,0,0,0,0,0,0,0,0,0,0,0,0,0,0,0,0,0,0,0,0,0,0,0,0,0,0,0,0,0,0,0,0,0,0,0,0
"Lamc2",0,0,0,0,0,0,0,0,0,0,0,0,0,0,0,0.216334401235009,0.408727326544067,0.232856689004002,0.124822975832743,0,0,0,0,0,0,0,0,0,0,0,0,0,0,0,0,0,0,0,0,0,0,0,0,0,0,0,0,0,0,0,0,0,0,0,0,0,0,0,0,0,0,0,0,0,0
"Col1a1",0,0,0,0,0,0,0,0,0,0,0,0,0,0,0.146469335307509,0.122189205544535,0,0,0.501195220221716,0,0,0,0,0,0.153325006806316,0,0,0,0,0,0,0,0,0,0,0,0,0,0,0,0,0,0,0,0,0,0,0,0,0,0,0,0,0,0,0,0,0,0,0,0,0,0,0,0
"Lamb1",0,0,0,0,0,0,0,0,0,0,0,0,0,0.419159861160115,0.244765300528363,0.216334401235009,0,0.232856689004002,0.124822975832743,0,0,0,0,0,0,0,0,0,0,0,0,0,0,0,0,0,0,0,0,0,0,0,0,0,0,0,0,0,0,0,0.134366455475313,0,0,0,0,0,0,0,0,0,0,0,0,0,0
"Lama2",0,0,0,0,0,0,0,0,0,0,0,0,0,0.656016895771603,0,0,0,0.338509594693189,0.124822975832743,0.0161365689282064,0,0,0,0,0,0,0,0,0,0,0,0,0,0,0,0,0,0,0,0,0,0,0,0,0,0,0,0,0,0,0,0,0,0,0,0,0,0,0,0,0,0,0,0,0
"Lamb2",0,0,0,0,0,0,0,0,0,0,0,0,0,0,0,0,0,0.338509594693189,0.206282774030582,0.0942608801914102,0,0,0,0,0,0,0,0,0,0,0,0,0,0,0,0,0,0,0,0,0,0,0,0,0,0,0,0,0,0,0,0,0,0,0,0,0,0,0,0,0,0,0,0,0
"Fn1",0,0,0,0,0,0,0,0,0,0,0,0,0,0,0,0.215955423629793,0,0,0.433977464142074,0.161194146517752,0,0,0,0,0,0,0,0,0,0,0,0,0,0,0,0,0,0,0,0,0,0,0,0,0,0,0,0,0,0,0,0,0,0,0,0,0,0,0,0,0,0,0,0,0
"Tnc",0,0,0,0,0,0,0,0,0,0,0,0,0,0,0,0.216334401235009,0,0,0.240961163066389,0,0,0,0,0,0,0,0,0,0,0,0,0,0,0.454548057229063,0,0,0,0,0,0,0,0,0,0,0,0,0,0,0,0,0,0,0,0,0,0,0,0,0,0,0,0,0,0,0
"Lgals3",0,0,0,0,0,0,0,0,0,0,0,0,0.192560927069586,0,0,0.15357459211627,0,0,0.389762463748047,0,0,0,0,0,0,0,0,0,0,0,0,0,0,0,0,0,0,0,0,0,0,0,0,0,0,0,0,0,0,0,0.119295980075346,0,0,0,0,0,0,0,0,0,0,0,0,0,0
"Vcam1",0,0,0,0,0,0,0,0,0,0,0,0,0,0,0,0,0,0,0.471078651730058,0.0995665826262429,0,0,0,0,0,0,0,0,0,0,0,0,0,0,0,0,0,0,0,0,0,0,0,0,0,0,0,0,0,0,0.0600536858269769,0,0,0,0,0,0,0,0,0,0,0,0,0,0
"Fgf2",0,0,0,0,0,0,0,0,0,0,0,0,0,0,0,0,0,0,0,0,0,0,0,0,0,0,0,0,0,0.306495006314527,0.71609481198764,0.148817687430665,0,0,0,0,0,0,0,0,0,0,0,0,0,0,0,0,0,0,0,0,0,0,0,0,0,0,0,0,0,0,0,0,0
"Fgf1",0,0,0,0,0,0,0,0,0,0,0,0,0,0,0,0,0,0,0,0,0,0,0,0,0,0,0,0,0.48822138931653,0,0.701666760350493,0.148817687430665,0,0,0,0,0,0,0,0,0,0,0,0,0,0,0,0,0,0,0,0,0,0,0,0,0,0,0,0,0,0,0,0,0
"Fgf7",0,0,0,0,0,0,0,0,0,0,0,0,0,0,0,0,0,0,0,0,0,0,0,0,0,0,0,0,0,0,0.556833267240871,0.148817687430665,0,0,0,0,0,0,0,0,0,0,0,0,0,0,0,0,0,0,0,0,0,0,0,0,0,0,0,0,0,0,0,0,0
"Sema3a",0,0,0,0,0,0,0,0,0,0,0,0,0,0,0,0,0,0,0,0,0,0,0,0,0,0,0,0,0,0,0,0.560665593706596,0,0,0,0,0,0,0,0,0,0,0,0,0,0,0,0,0,0,0,0,0,0.613042592591014,0,0,0,0,0,0,0,0,0,0,0
"Pdgfb",0,0,0,0,0,0,0,0,0,0,0,0,0,0,0,0,0,0,0,0,0,0,0,0,0,0,0,0,0,0,0,0.693680940404948,0,0,0.638299151566107,0,0,0,0,0,0,0,0,0,0,0,0,0,0,0,0,0,0,0,0,0,0,0,0,0,0,0,0,0,0
"Sema3f",0,0,0,0,0,0,0,0,0,0,0,0,0,0,0,0,0,0,0,0,0,0,0,0,0,0,0,0,0,0,0,0.148817687430665,0,0,0,0,0,0,0,0,0,0,0,0,0,0,0,0,0,0,0,0,0,0,0,0,0,0,0,0,0,0,0,0,0
"Sema3c",0,0,0,0,0,0,0,0,0,0,0,0,0,0,0,0,0,0,0,0,0,0,0,0,0,0,0,0,0,0,0,0.640756172872826,0,0,0,0,0,0,0,0,0,0,0,0,0,0,0,0,0,0,0,0,0,0,0,0,0,0,0,0,0,0,0,0,0
"Sema3b",0,0,0,0,0,0,0,0,0,0,0,0,0,0,0,0,0,0,0,0,0,0,0,0,0,0,0,0,0,0,0,0.371715213079687,0,0,0,0,0,0,0,0,0,0,0,0,0,0,0,0,0,0,0,0,0,0,0,0,0,0,0,0,0,0,0,0,0
"Hgf",0,0,0,0,0,0,0,0,0,0,0,0,0,0,0,0,0,0,0,0,0,0,0,0,0,0,0,0,0,0,0,0.581836355238978,0,0,0,0,0,0,0,0,0,0,0,0,0,0,0,0,0,0,0,0,0,0,0,0,0,0,0,0,0,0,0,0,0
"Icam2",0,0,0,0,0,0,0,0,0,0,0,0,0,0,0,0,0,0,0,0,0,0,0,0,0,0,0,0,0,0,0,0.298059201053849,0,0,0,0,0,0,0,0,0,0,0,0,0,0,0,0,0,0,0,0,0,0,0,0,0,0,0,0,0,0,0,0,0
"Hmgb1",0,0,0,0,0,0,0,0,0,0,0,0,0,0,0,0,0,0,0,0,0,0,0,0,0,0,0,0,0,0,0,0,0,0,0,0,0,0,0,0,0,0,0,0,0,0,0,0,0,0.330874204057404,0.01851093305567,0,0,0,0,0,0,0,0,0,0,0,0,0,0
"Anxa1",0,0,0.235856397541879,0,0,0,0,0,0,0,0,0,0,0,0,0,0,0,0,0,0,0,0,0,0,0,0,0,0,0,0,0,0,0,0,0,0,0,0,0,0,0,0,0,0,0,0,0,0,0,0.134366455475313,0,0,0,0,0,0,0,0,0,0,0,0,0,0
"Aimp1",0,0,0,0,0,0,0,0,0,0,0,0,0,0,0,0,0,0,0,0,0,0,0,0,0,0,0,0,0,0,0,0,0,0,0,0,0,0,0,0,0,0,0,0,0,0,0,0,0.11057176403559,0,0.0781275841769327,0,0,0,0,0,0,0,0,0,0,0,0,0,0
"Hmgb2",0,0,0,0,0,0,0,0,0,0,0,0,0,0,0,0,0,0,0,0,0,0,0,0,0,0,0,0,0,0,0,0,0,0,0,0,0,0,0,0,0,0,0,0,0,0,0,0,0,0,0.0781275841769327,0,0,0,0,0,0,0,0,0,0,0,0,0,0
"Fat1",0,0,0,0,0,0,0,0,0,0,0,0,0,0,0,0,0,0,0,0,0,0,0,0,0,0,0,0,0,0,0,0,0,0,0,0,0,0,0,0,0,0,0,0,0,0,0,0,0,0,0.126529693981109,0,0,0,0,0,0,0,0,0,0,0,0,0,0
"Hdgf",0,0,0,0,0,0,0,0,0,0,0,0,0,0,0,0,0,0,0,0,0,0,0,0,0,0,0,0,0,0,0,0,0,0,0,0,0,0,0,0,0,0,0,0,0,0,0,0,0,0,0.0781275841769327,0,0,0,0,0,0,0,0,0,0,0,0,0,0
"Calm1",0,0,0,0,0,0,0,0,0,0,0,0,0,0,0,0,0,0,0,0.162086214185983,0,0,0,0,0,0,0,0,0,0,0,0,0,0,0,0,0,0.286159054193741,0.125840889595235,0.359634844152914,0,0,0,0,0,0,0,0,0,0,0.0747498043540504,0,0,0,0,0,0,0,0,0,0,0,0,0,0
"Calm2",0,0,0,0,0,0,0,0,0,0,0,0,0,0,0,0,0,0,0,0,0,0,0,0,0,0,0,0,0,0,0,0,0,0,0,0,0,0,0,0.0458417051574741,0,0,0,0,0,0,0,0,0,0,0,0,0,0,0,0,0,0,0,0,0,0,0,0,0
"Arf1",0,0,0,0,0,0,0,0,0,0,0,0,0,0,0,0,0,0,0,0,0,0,0,0,0,0,0,0,0,0,0,0,0,0,0,0,0,0,0,0.165787332845869,0,0,0,0,0,0,0,0,0,0,0.134366455475313,0,0,0,0,0,0,0,0,0,0,0,0,0,0
"Calr",0,0,0,0,0,0,0,0,0,0,0,0,0,0,0,0,0,0,0,0,0,0,0,0,0,0,0,0,0,0,0,0,0,0,0,0,0,0,0,0.18456192444073,0,0,0,0,0,0,0,0,0,0,0.134366455475313,0,0,0,0,0,0,0,0,0,0,0,0,0,0
"Ccl5",0,0,0,0,0,0.111820072853627,0.126382617119932,0,0,0,0,0,0,0,0,0,0,0,0,0,0,0,0.438560493560956,0,0,0,0,0,0,0,0,0,0,0,0,0,0,0,0,0,0,0,0,0,0,0,0,0,0,0,0,0,0,0,0,0,0,0,0,0,0,0,0,0,0
"Penk",0,0,0,0,0,0.111820072853627,0.126382617119932,0,0,0,0,0,0,0,0,0,0,0,0,0,0,0,0,0,0,0,0,0,0,0,0,0,0,0,0,0,0,0,0,0,0,0,0,0,0,0,0,0,0,0,0,0,0,0,0,0,0,0,0,0,0,0,0,0,0
"Hc",0,0,0,0,0,0.111820072853627,0.126382617119932,0,0,0,0,0,0,0,0,0,0,0,0,0,0,0,0,0,0,0,0,0,0,0,0,0,0,0,0,0,0,0,0,0,0,0,0,0,0,0,0,0,0,0,0,0,0,0,0,0,0,0,0,0,0,0,0,0,0
"Cxcl2",0,0,0,0,0,0.111820072853627,0.126382617119932,0,0,0,0,0,0,0,0,0,0,0,0,0,0,0,0,0,0,0,0,0,0,0,0,0,0,0,0,0,0,0,0,0,0,0,0,0,0,0,0,0,0,0,0,0,0,0,0,0,0,0,0,0,0,0,0,0,0
"Cxcl12",0,0,0,0,0,0.111820072853627,0.126382617119932,0,0,0,0,0,0,0,0,0,0,0,0,0,0,0,0,0,0,0,0,0,0,0,0,0,0,0,0,0,0,0,0,0,0,0,0,0,0,0,0,0,0,0,0,0,0,0,0,0,0,0,0,0,0,0,0,0,0
"Cxcl16",0,0,0,0,0,0.111820072853627,0.126382617119932,0,0,0,0,0,0,0,0,0,0,0,0,0,0,0,0,0,0,0,0,0,0,0,0,0,0,0,0,0,0,0,0,0,0,0,0,0,0,0,0,0,0,0,0,0,0,0,0,0,0,0,0,0,0,0,0,0,0
"App",0.262547967224005,0,0,0,0,0,0,0,0,0,0,0,0,0,0,0,0,0.297989644250464,0,0,0.438743098017566,0,0.524545817465405,0.384483165441688,0.500673288537109,0,0,0,0,0,0,0,0,0,0,0,0.121234429649686,0,0,0,0,0,0.353895823618289,0,0,0,0,0,0,0,0,0,0,0,0,0,0,0,0,0,0,0,0,0,0
"Pik3cb",0,0,0,0,0,0,0,0,0,0,0,0,0,0,0,0,0,0,0,0,0.178565073186098,0,0,0,0,0,0,0,0,0,0.315543839354767,0,0,0,0,0,0.108524225010883,0,0,0,0,0,0,0,0,0,0,0,0,0,0,0,0,0,0,0,0,0,0,0,0,0,0,0,0
"Cdh5",0,0,0,0,0,0,0,0,0,0,0,0,0,0,0,0,0,0,0,0,0,0,0,0,0,0,0.319835060822257,0,0,0,0,0,0.0369846373453957,0.0237303825945636,0,0,0.0192893644240951,0,0,0,0,0,0,0,0,0,0,0,0,0,0,0,0,0,0,0,0,0,0,0,0,0,0,0,0
"Cdh1",0,0.306471879579081,0,0,0,0,0,0,0.149634758461115,0,0,0,0,0,0,0,0,0,0,0,0,0,0,0,0,0,0,0,0,0,0,0,0,0,0,0,0.108927962144927,0,0,0,0,0,0,0,0,0,0,0,0,0,0,0,0,0,0,0,0,0,0,0,0,0,0,0,0
"Sema6d",0,0,0,0,0,0,0,0,0,0,0,0,0,0,0,0,0,0,0,0,0,0,0,0,0,0,0,0,0,0,0,0,0,0,0,0,0.0266933084487848,0,0,0,0,0,0,0,0,0,0,0,0,0,0,0,0,0.322403285955101,0,0,0,0,0,0,0,0,0,0,0
"Vegfa",0,0,0,0,0,0,0,0,0,0,0,0,0,0,0,0,0,0,0,0,0,0,0,0,0,0,0,0,0,0,0,0.579111625391905,0,0.329855787374208,0.441659267223662,0.965131026985729,0.871129536120872,0,0,0,0,0,0,0,0,0,0,0,0,0,0,0,0,0,0,0,0,0,0,0,0,0,0,0,0
"Pgf",0,0,0,0,0,0,0,0,0,0,0,0,0,0,0,0,0,0,0,0,0,0,0,0,0,0,0,0,0,0,0,0.481748384810589,0,0,0,0.513900869543275,0.419424242350156,0,0,0,0,0,0,0,0,0,0,0,0,0,0,0,0,0,0,0,0,0,0,0,0,0,0,0,0
"Vegfc",0,0,0,0,0,0,0,0,0,0,0,0,0,0,0,0,0,0,0,0,0,0,0,0,0,0,0,0,0,0,0,0.446293343780428,0,0,0,0,0.6480643224595,0,0,0,0,0,0,0,0,0,0,0,0,0,0,0,0,0,0,0,0,0,0,0,0,0,0,0,0
"Hspg2",0,0,0,0,0,0,0,0,0,0,0,0,0,0.322531549603126,0,0.106126451876507,0,0,0.103295647788543,0,0,0,0,0,0,0,0,0,0,0,0.347851349820611,0,0,0,0,0.418903487519768,0.349707611434687,0,0,0,0,0,0,0,0,0,0,0,0,0,0,0,0,0,0,0,0,0,0,0,0,0,0,0,0
"Col18a1",0,0,0,0,0,0,0,0,0,0,0,0,0,0,0,0,0,0,0.0885726481273005,0,0,0,0,0,0,0,0,0,0,0,0,0,0,0,0,0.246910112493556,0.459120340765483,0,0,0,0,0,0,0,0,0,0,0,0,0,0,0,0,0,0,0,0,0,0,0,0,0,0,0,0
"Grem1",0,0,0,0,0,0,0,0,0,0,0,0,0,0,0,0,0,0,0,0,0,0,0,0,0,0,0,0,0,0,0,0,0,0,0,0.140110333588574,0.266551471806905,0,0,0,0,0,0,0,0,0,0,0,0,0,0,0,0,0,0,0,0,0,0,0,0,0,0,0,0
"Manf",0,0,0,0,0.0990476325538896,0,0,0,0,0,0,0,0,0,0,0,0,0,0,0,0,0,0,0,0,0,0,0,0,0,0,0,0,0,0,0,0,0,0,0,0,0,0,0,0,0,0,0,0,0,0,0,0,0,0,0,0,0,0,0,0,0,0,0,0
"Nenf",0,0,0,0,0.0990476325538896,0,0,0,0,0,0,0,0,0,0,0,0,0,0,0,0,0,0,0,0,0,0,0,0,0,0,0,0,0,0,0,0,0,0,0,0,0,0,0,0,0,0,0,0,0,0,0,0,0,0,0,0,0,0,0,0,0,0,0,0
"Cadm1",0,0,0,0.169271542803328,0,0,0,0,0,0,0,0,0,0,0,0,0,0,0,0,0,0,0,0,0,0,0,0,0,0,0,0,0,0,0,0,0,0,0,0,0,0,0,0,0,0,0,0,0,0,0,0,0,0,0,0,0,0,0,0,0,0,0,0,0
"Jag2",0.214572943921183,0.214074746172714,0,0.104519155093355,0.0990476325538896,0,0,0,0,0,0,0,0,0,0,0,0,0,0,0,0,0,0,0,0,0,0,0,0,0,0,0,0,0,0,0,0,0,0,0,0,0,0.472021739664591,0.411343035731683,0,0,0,0,0,0,0,0,0,0,0,0,0,0,0,0,0,0,0,0,0
"Dsg2",0.202058235702744,0.201589094737219,0.222100357554968,0.169271542803328,0.160410266983492,0,0,0,0,0.31408766457444,0.433876024535178,0,0,0,0,0,0,0,0,0,0,0,0,0,0,0,0,0,0,0,0,0,0,0,0,0,0,0,0,0,0,0,0,0,0,0,0,0,0,0,0.126529693981109,0,0,0,0,0,0,0,0,0,0,0,0,0,0
"Pcdh7",0.202058235702744,0.201589094737219,0.222100357554968,0.169271542803328,0.160410266983492,0,0,0,0,0,0.433876024535178,0,0,0,0,0,0,0,0,0,0,0,0,0,0,0,0,0,0,0,0,0,0,0,0,0,0,0,0,0,0,0,0,0,0,0,0,0,0,0,0,0,0,0,0,0,0,0,0,0,0,0,0,0,0
"Wnt4",0,0.402563505817286,0,0,0,0,0,0,0,0,0,0,0,0,0,0,0,0,0,0,0,0,0,0,0,0,0,0,0,0,0,0,0,0,0,0,0,0,0,0,0,0,0,0,0,0,0,0,0,0,0,0,0,0,0,0,0,0,0,0,0,0,0,0,0
"Dkk2",0,0.680133761700708,0,0,0,0,0,0,0,0,0,0,0,0,0,0,0,0,0,0,0,0,0,0,0,0,0,0,0,0,0,0,0,0,0,0,0,0,0,0,0,0,0,0,0,0,0,0,0,0,0,0,0,0,0,0,0,0,0,0,0,0,0,0,0
"Rspo1",0,0.423815070127719,0,0,0,0,0,0,0,0,0,0,0,0,0,0,0,0,0,0,0,0,0,0,0,0,0,0,0,0,0,0,0,0,0,0,0,0,0,0,0,0,0,0,0,0,0,0,0,0,0,0,0,0,0,0,0,0,0,0,0,0,0,0,0
"Efnb1",0.406392503895067,0.214074746172714,0,0,0,0,0,0,0,0,0,0,0,0,0,0,0,0,0,0,0,0,0,0,0,0,0,0,0,0,0,0,0,0,0,0,0,0,0,0,0,0,0,0,0,0,0,0,0,0,0,0,0,0,0,0,0,0,0,0,0,0,0,0,0
"Efnb2",0.649344480936287,0.214074746172714,0,0,0,0,0,0,0,0,0,0,0,0,0,0,0,0,0,0,0,0,0,0,0,0,0,0,0,0,0,0,0,0,0,0,0,0,0,0,0,0,0,0,0,0,0,0,0,0,0,0,0,0,0.629637223325984,0,0,0,0,0,0,0,0,0,0
"Efna1",0.208873823392524,0,0,0,0,0,0,0,0,0,0,0,0,0,0,0,0,0,0,0,0,0,0,0,0,0,0,0,0,0,0,0,0,0,0,0,0,0,0,0,0,0,0,0,0,0,0,0,0,0,0,0,0,0,0,0,0,0,0,0,0,0,0,0,0
"H2-T23",0.262547967224005,0,0,0,0,0,0,0,0,0,0,0,0,0,0,0,0,0.297989644250464,0,0,0,0,0,0,0,0,0,0,0,0,0,0,0,0,0,0,0,0,0,0,0,0,0,0,0,0,0,0,0,0,0,0,0,0,0,0,0,0,0,0,0,0,0,0,0
"Itgam",0,0,0,0,0,0,0,0,0,0,0,0,0,0,0,0,0,0,0,0,0,0,0,0,0,0,0,0,0,0,0,0,0,0,0,0,0,0,0,0,0,0,0,0,1.03339625927347,0,0,0,0,0,0,0,0,0,0,0,0,0,0,0,0,0,0,0,0
"Itgb2",0,0,0,0,0,0,0,0,0,0,0,0,0,0,0,0,0,0,0,0,0,0,0,0,0,0,0,0,0,0,0,0,0,0,0,0,0,0,0,0,0,0,0,0,1.21325377801638,0,0.597442141578292,0,0,0,0,0,0,0,0,0,0,0,0,0,0,0,0,0,0
"Bdnf",0,0,0,0,0,0,0,0,0,0,0,0,0,0,0,0,0,0,0,0,0,0,0,0,0,0,0,0,0,0,0,0,0,0,0,0,0,0,0,0,0,0,0,0,0,1.02901453006159,0.593933361077843,0,0,0,0,0,0,0,0,0,0,0,0,0,0,0,0,0,0
"Itgal",0,0,0,0,0,0,0,0,0,0,0,0,0,0,0,0,0,0,0,0,0,0,0,0,0,0,0,0,0,0,0,0,0,0,0,0,0,0,0,0,0,0,0,0,0,0,1.00383969605674,0,0,0,0,0,0,0,0,0,0,0,0,0,0,0,0,0,0
"F11r",0,0,0,0,0,0,0,0,0,0,0,0,0,0,0,0,0,0,0,0,0,0,0,0,0,0,0,0,0,0,0,0,0,0.329132032717177,0,0,0,0,0,0,0,0,0,0,0,0,0.0586451396970964,0.262659722458474,0,0,0,0,0,0,0,0,0,0,0,0,0,0,0,0,0
"Jam2",0,0,0,0,0,0,0,0,0,0,0,0,0,0,0,0,0,0,0.177918065691644,0,0,0,0,0,0,0,0,0,0,0,0,0,0,0,0,0,0,0,0,0,0,0,0,0,0,0,0.326519703374384,0.074997563057635,0,0,0,0,0,0,0,0,0,0,0,0,0,0,0,0,0
"Tgfb2",0,0,0,0,0,0,0,0,0,0,0,0,0,0,0,0,0,0,0,0,0,0,0,0,0,0,0,0.0510099975313336,0.851029970167089,0,0,0,0,0,0,0,0,0,0,0,0,0,0,0,0,0,0,0,0,0,0,0,0,0,0,0,0,0,0,0,0,0,0,0,0
"Inhba",0,0,0,0,0,0,0,0,0,0,0,0,0,0,0,0,0,0,0,0,0,0,0,0,0,0,0.405086732909022,0.0510099975313336,0.221974098730404,0,0,0,0,0,0,0,0,0,0,0,0,0,0,0,0,0,0,0,0,0,0,0,0,0,0,0,0,0,0,0,0,0,0,0,0
"Tgfb3",0,0,0,0,0,0,0,0,0,0,0,0,0,0,0,0,0,0,0.206282774030582,0,0,0,0,0,0,0,0.0358472411558599,0.0510099975313336,0.0488740954378469,0,0,0,0,0,0,0,0,0,0,0,0,0,0,0,0,0,0,0,0,0,0,0,0,0,0,0,0,0,0,0,0,0,0,0,0
"Thbs1",0,0,0,0,0,0,0,0,0,0,0,0,0,0,0,0,0,0,0.215658962029843,0,0,0,0,0,0.0337589883617985,0.0340051521904172,0,0,0,0,0,0,0,0,0,0,0,0,0,0,0,0,0,0,0,0,0,0,0,0,0,0,0,0,0,0,0,0,0,0,0,0,0,0,0
"Clstn1",0,0,0,0,0,0,0,0,0,0,0,0,0,0,0,0,0,0,0,0,0,0,0,0,0,0.252443677350958,0,0,0,0,0,0,0,0,0,0,0,0,0,0,0,0,0,0,0,0,0,0,0,0,0,0,0,0,0,0,0,0,0,0,0,0,0,0,0
"Thbs2",0,0,0,0,0,0,0,0,0,0,0,0,0,0,0,0,0,0,0,0,0,0,0,0,0,0.2422404431704,0,0,0,0,0,0,0,0,0,0,0,0,0,0,0,0,0,0,0,0,0,0,0,0,0,0,0,0,0,0,0,0,0,0,0,0,0,0,0
"Mdk",0,0,0,0,0,0,0,0,0,0,0,0,0,0,0,0,0,0,0,0,0,0,0,0,0,0,0,0,0,0,0,0,0,0.0328389473223443,0,0,0,0,0,0,0,0,0,0,0,0,0,0,0,0,0,0,0,0,0,0,0,0,0,0,0,0,0,0,0
"Ptn",0,0,0,0,0,0,0,0,0,0,0,0,0,0,0,0,0,0,0,0,0,0,0,0,0,0,0,0,0,0,0,0,0,0.0328389473223443,0,0,0,0,0,0,0,0,0,0,0,0,0,0,0,0,0,0,0,0,0,0,0,0,0,0,0,0,0,0,0
"Igf1",0,0,0,0,0,0,0,0,0,0,0,0,0,0,0,0,0,0,0,0,0,0,0,0.831915644489336,0,0,0,0,0,0,0,0,0,0,0,0,0,0,0,0,0,0,0,0,0,0,0,0,0,0,0,0,0,0,0,0,0,0,0,0,0,0,0,0,0
"Nampt",0,0,0,0,0,0,0,0,0,0,0,0,0,0,0,0,0,0,0,0,0,0,0,0.422350320898565,0,0,0,0,0,0,0,0,0,0,0,0,0,0,0,0,0,0,0,0,0,0,0,0,0,0,0,0,0,0,0,0,0,0,0,0,0,0,0,0,0
"Flrt2",0,0,0,0,0,0,0,0,0,0,0,0,0,0,0,0,0,0,0,0,0,0,0,0,0,0,0,0,0,0,0,0,0,0,0,0,0,0,0,0,0,0,0,0,0,0,0,0,0,0,0,0,0,0,0,0,0,0,0,0,0,0,0,0.359760345867551,0
"Flrt3",0,0,0,0,0,0,0,0,0,0,0,0,0,0,0,0,0,0,0,0,0,0,0,0,0,0,0,0,0,0,0,0,0,0,0,0,0,0,0,0,0,0,0,0,0,0,0,0,0,0,0,0,0,0,0,0,0,0,0,0,0,0,0,0.801386559306266,0
"Esam",0,0,0,0,0,0,0,0,0,0,0,0,0,0,0,0,0,0,0,0,0,0,0,0,0,0,0,0,0,0,0,0,0,0,0,0,0,0,0,0,0,0,0,0,0,0,0,0,0,0,0,0,0,0,0,0,0,0,0.104748106819572,0,0,0,0,0,0
"Selplg",0,0,0,0,0,0,0,0,0,0,0,0,0,0,0,0,0,0,0,0,0,0,0,0,0,0,0,0,0,0,0,0,0,0,0,0,0,0,0,0,0,0,0,0,0,0,0,0,0,0,0,0,0,0,0,0,0,0,0.689228371815762,0,0,0,0,0,0
"Angpt1",0,0,0,0,0,0,0,0,0,0,0,0,0,0,0,0,0,0,0,0,0.823493801786537,0.397657607284579,0,0,0,0,0,0,0,0,0,0,0,0,0,0,0,0,0,0,0,0,0,0,0,0,0,0,0,0,0,0,0,0,0,0,0,0,0,0,0,0,0,0,0
"Ptprc",0,0,0,0,0,0,0,0,0,0,0,0,0,0,0,0,0,0,0,0,0.0317385981771022,0.0232751235219252,0,0,0,0,0,0,0,0,0,0,0,0,0,0,0,0,0,0,0,0,0,0,0,0,0,0,0,0,0,0,0,0,0,0,0,0,0,0,0,0,0,0,0
"Ceacam1",0,0,0,0,0,0,0,0,0,0.0805507562698071,0,0,0,0,0,0,0,0,0,0,0,0,0,0,0,0,0,0,0,0,0,0,0,0,0,0,0,0,0,0,0,0,0,0,0,0,0,0,0,0,0,0,0,0,0,0,0,0,0,0,0,0,0,0,0
"Il1b",0,0,0,0,0,0,0,0,0,0.331404450477766,0,0,0,0,0,0,0,0,0,0,0,0,0,0,0,0,0,0,0,0,0,0,0,0,0,0,0,0,0,0,0,0,0,0,0,0,0,0,0,0,0,0,0,0,0,0,0,0,0,0,0,0,0,0,0
"Sell",0,0,0,0,0,0,0,0,0,0,0,0,0,0,0,0,0,0,0,0,0,0,0,0,0,0,0,0,0,0,0,0,0,0,0,0,0,0,0,0,0,0,0,0,0,0,0,0,0,0,0,0,0,0,0,0,0,0,0,0,0,0.782985879653018,0,0,0
"Robo2",0,0,0,0,0,0,0,0,0,0,0,0,0,0,0,0,0,0,0,0,0,0,0,0,0,0,0,0,0,0,0,0,0,0,0,0,0,0,0,0,0,0,0,0,0,0,0,0,0,0,0,0,0,0,0,0,0,0.238915999398858,0,0,0,0,0,0,0
"Robo1",0,0,0,0,0,0,0,0,0,0,0,0,0,0,0,0,0,0,0,0,0,0,0,0,0,0,0,0,0,0,0,0,0,0,0,0,0,0,0,0,0,0,0,0,0,0,0,0,0,0,0,0,1.44250932495809,0,0,0,0,0,0,0,0,0,0,0,0
"Pecam1",0,0,0,0,0,0,0,0,0,0,0,0,0,0,0,0,0,0,0,0,0,0,0,0,0,0,0,0,0,0,0,0,0,0,0,0,0,0,0,0,0,0,0,0,0,0,0,0,0,0,0,0,0,0,0.0447750410243593,0,0,0,0,0,0,0,0,0,0
"Osm",0,0,0.58750224844725,0,0,0,0,0,0,0,0,0,0,0,0,0,0,0,0,0,0,0,0,0,0,0,0,0,0,0,0,0,0,0,0,0,0,0,0,0,0,0,0,0,0,0,0,0,0,0,0,0,0,0,0,0,0.540864262754444,0,0,0,0,0,0,0,0
"Nucb2",0,0,0,0,0,0,0,0,0,0,0,0,0,0,0,0,0,0,0,0,0,0,0,0,0,0,0,0,0,0,0,0,0,0,0,0,0,0,0,0,0,0,0,0,0,0,0,0,0,0,0,0,0,0,0,0,0,0,0,0.547394929398681,0,0,0,0,0
"Apoe",0,0,0,0,0,0,0,0,0,0,0,0,0,0,0,0,0,0,0,0,0,0,0,0,0,0,0,0,0,0,0,0,0,0,0,0,0,0,0,0,0,0,0,0,0,0,0,0,0,0,0,0.589399737181839,0,0,0,0,0,0,0,0,0,0,0,0,0
"Mapt",0,0,0,0,0,0,0,0,0,0,0,0,0,0,0,0,0,0,0,0,0,0,0,0,0,0,0,0,0,0,0,0,0,0,0,0,0,0,0,0,0,0,0,0,0,0,0,0,0,0,0,0,0,0,0,0,0,0,0,0,0,0,0.0193483307384874,0,0
"Trf",0,0,0,0,0,0,0,0,0,0,0,0.195406647595117,0,0,0,0,0,0,0,0,0,0,0,0,0,0,0,0,0,0,0,0,0,0,0,0,0,0,0,0,0,0,0,0,0,0,0,0,0,0,0,0,0,0,0,0,0,0,0,0,0,0,0,0,0
"Wnt5a",0,0.672360309003936,0,0,0,0.111820072853627,0,0,0,0.022283692284285,0.310345610183259,0.369347977944805,0.192560927069586,0,0,0,0,0,0,0,0,0,0,0,0,0,0,0,0,0,0,0,0,0,0,0,0,0,0,0,0,0,0,0,0,0,0,0,0,0,0,0,0,0,0,0,0,0,0,0,0,0,0,0,0
"Ptprf",0,0,0,0,0,0,0,0.12295207530075,0,0,0.14180455506854,0,0,0,0,0,0,0,0,0,0,0,0,0,0,0,0,0,0,0,0,0,0,0,0,0,0,0,0,0,0,0,0,0,0,0,0,0,0,0,0,0,0,0,0,0,0,0,0,0,0,0,0,0,0
"Plxnb2",0,0,0,0,0,0,0,0,0,0,0,0,0.278725090260242,0,0,0,0,0,0,0,0,0,0,0,0,0,0,0,0,0,0,0,0,0,0,0,0,0,0,0,0,0,0,0,0,0,0,0,0,0,0,0,0,0,0,0,0,0,0,0,0,0,0,0,0
"Ptprm",0,0,0,0,0,0,0,0.404202850108732,0.0488128897840613,0,0,0,0.533442793703598,0,0,0,0,0,0,0,0,0,0,0,0,0,0,0,0,0,0,0,0,0,0,0,0,0,0,0,0,0,0,0,0,0,0,0,0,0,0,0,0,0,0,0,0,0,0,0,0,0,0,0,0
"Bmp4",0,0,0,0,0,0,0,0,0,0,0,0,0,0,0,0,0,0,0,0,0,0,0,0,0,0,0,0,0,0,0.205030558288654,0,0,0,0,0,0,0,0,0,0,0,0.220248705012406,0,0,0,0,0,0,0,0,0,0,0,0,0,0,0,0,0,0,0,0,0,0.780621090790136
"Bmp6",0,0,0,0,0,0,0,0,0,0,0,0,0,0,0,0,0,0,0,0,0,0,0,0,0,0,0,0,0,0,0,0,0,0,0,0,0,0,0,0,0,0,0,0,0,0,0,0,0,0,0,0,0,0,0,0,0,0,0,0,0,0,0,0,0.0306763833004731
"Bmp3",0,0,0,0,0,0,0,0,0,0,0,0,0,0,0,0,0,0,0,0,0,0,0,0,0,0,0,0,0,0,0,0,0,0,0,0,0,0,0,0,0,0,0,0,0,0,0,0,0,0,0,0,0,0,0,0,0,0,0,0,0,0,0,0,0.0708928384558558
"Bmp5",0,0,0,0,0,0,0,0,0,0,0,0,0,0,0,0,0,0,0,0,0,0,0,0,0,0,0,0,0,0,0,0,0,0,0,0,0,0,0,0,0,0,0,0,0,0,0,0,0,0,0,0,0,0,0,0,0,0,0,0,0,0,0,0,0.0708928384558558
"Pkd1",0,0,0,0,0,0,0,0,0,0,0,0,0,0,0,0,0,0,0,0,0,0,0,0,0,0,0,0,0,0,0,0,0,0,0,0,0,0,0,0,0.137781251203572,0.904228089071809,0,0,0,0,0,0,0,0,0,0,0,0,0,0,0,0,0,0,0,0,0,0,0
"Copa",0,0,0,0,0,0,0,0,0,0,0,0,0,0,0,0,0,0,0,0,0,0,0,0,0,0,0,0,0,0,0,0,0,0,0,0,0,0,0,0,0.0831994139349206,0,0.153554376199909,0,0,0,0,0,0,0,0,0,0,0,0,0,0,0,0,0,0,0,0,0,0
"Gpi1",0,0,0,0,0,0,0,0,0,0,0,0,0,0,0,0,0,0,0,0,0,0,0,0,0,0,0,0,0,0,0,0,0,0,0,0,0,0,0,0,0.0831994139349206,0,0,0,0,0,0,0,0,0,0,0,0,0,0,0,0,0,0,0,0,0,0,0,0
"Dll1",0,0,0,0,0,0,0,0,0,0,0,0,0,0,0,0,0,0,0,0,0,0,0,0,0,0,0,0,0,0,0,0,0,0,0,0,0,0,0,0,0,0,0.438676797398796,0.346663079159761,0,0,0,0,0,0,0,0,0,0,0,0,0,0,0,0,0,0,0,0,0
"Dll4",0,0,0,0,0,0,0,0,0,0,0,0,0,0,0,0,0,0,0,0,0,0,0,0,0,0,0,0,0,0,0,0,0,0,0,0,0,0,0,0,0,0,0.40640196961911,0.666654476533169,0,0,0,0,0,0,0,0,0,0,0,0,0,0,0,0,0,0,0,0,0
"Nid1",0,0,0,0,0,0,0,0,0,0,0,0,0,0,0,0,0,0,0,0,0,0,0,0,0,0,0,0,0,0,0,0,0,0,0,0,0,0,0,0,0,0,0.153554376199909,0,0,0,0,0,0,0,0,0,0,0,0,0,0,0,0,0,0,0,0,0,0
"Ntn1",0,0,0,0,0,0,0,0,0,0,0,0,0,0,0,0,0,0.299401853375155,0,0,0,0,0,0,0,0,0,0,0,0,0,0,0,0,0,0,0,0,0,0,0,0,0.153554376199909,0,0,0,0,0,0,0,0,0,0,0,0,0,0,0,0,0,0,0,0,0,0
