"Actb" "Ahnak" "Bax" "Bcl2l1" "Capn2" "Ccnd1" "Cdkn1a" "Clic1" "Epha2" "Flot1" "Gadd45b" "Gapdh" "Icam1" "Krt8" "Lmna" "Mbnl1" "Mcl1" "Nek6" "Pfn1" "S100a10" "Sema3b" "Socs3" "Trib1" "Ubc" "Vegfa" "Anxa2" "Clu" "Cox5a" "Gja1" "Gpi1" "Msn" "Nme1" "Psmc6" "Sod2" "Sparc" "Tnfrsf12a" "Aldoa" "Lama5" "Lcn2" "Mdm2" "Ranbp1" "Slc25a25" "Slc3a2" "Myh9" "Cd14" "Ilk" "Ndst1" "Ager" "Col4a1" "Cryab" "Fkbp1a" "Hspb1" "Itgb6" "Krt18" "Sqstm1" "Elob" "Ceacam1" "Rcan1" "Slc9a3r1" "Tmbim1" "Ybx1" "Fth1" "Ftl1" "Hist1h2bc" "Lasp1" "Pcbp1" "Tmem37" "Akr1b8" "Pkm" "Gnas" "Timp3" "Isyna1" "Hcfc1r1" "Mif"
"Bmp4" 0.00167989700560281 0.00173315920849301 0.00234737228060848 0.00178526142813771 0.0013671271257611 0.00282542400280105 0.00314605775773029 0.0015725296573374 0.00184688004584551 0.00152609710098334 0.00186529003957793 0.00151062941428825 0.00243894759633319 0.00159833342380597 0.00177412858886404 0.00146596656693435 0.00151668336528451 0.00163142905611643 0.00143300676592414 0.00150016099256784 0.00152186586553008 0.00155748341012834 0.00179741678915902 0.0020652136076413 0.00472910161072179 0.0014074570290259 0 0 0.00111062934186715 0 0 0.00118394744879641 0 0.00104588899384841 0 0.00138586600501744 0.00136989997605083 0.0014082331578757 0 0.00146112579798381 0.00146312650638173 0.00139548203058206 0.00145646218814625 0.00152267215616941 0 0 0.00129193778353993 0.00116320068753799 0.00106492606322081 0 0 0.00117002692956243 0 0.0012072291860015 0.00139236578542934 0 0 0.00112203683314072 0.001333977326644 0.00118142024017227 0 0.00132428579111218 0.00136300539130708 0.00130372544768374 0.00131547412626671 0.00124050836379933 0.00112687766335068 0 0.00124834876585614 0.00129208715619899 0 0 0.00140655505899615 0.00227305887703119
"Aimp1" 0 0.00106132617919555 0 0 0 0.00119945942285115 0.00138978309478463 0 0.00111924175182629 0 0.00112738374761748 0 0.00184033222145903 0 0.00112974921564656 0 0 0.00110579196233936 0 0 0 0 0.00115500085767825 0.00127460217063012 0 0 0 0 0 0 0 0 0 0 0 0 0 0 0 0 0 0.001055325180801 0 0 0 0 0 0 0 0 0 0 0 0 0 0 0 0 0 0 0 0 0 0 0 0 0 0 0 0 0 0 0 0
"Tnc" 0.00113302069762406 0.00124633192093488 0 0.00131914804895682 0.00109084173257511 0.00147863837550371 0.00164164008714949 0.00121301081116585 0.0013852958236293 0 0.00120293430632741 0.00104307054779303 0.00104935308370319 0.00114350643734062 0.00122385998378597 0 0.0010763607005673 0.00110689158923519 0.00105781567602159 0 0 0.00105152707435781 0.0013278687496968 0.00137667016120473 0.00129953066602373 0 0 0 0 0 0 0 0 0 0 0 0 0 0 0 0 0 0 0.0011023572752852 0 0 0 0 0 0 0 0 0 0 0 0 0 0 0 0 0 0 0 0 0 0 0 0 0 0 0.00222440586390975 0 0 0
"Sema7a" 0 0 0 0 0 0 0.00115252403741663 0 0 0 0 0 0 0 0 0 0 0 0 0 0 0 0 0 0 0 0 0 0 0 0 0 0 0 0 0 0 0 0 0 0 0 0 0 0 0 0 0 0 0 0 0 0 0 0 0 0 0 0 0 0 0 0 0 0 0 0 0 0 0 0 0 0 0
"Col18a1" 0 0.00115772775710992 0 0.00112421541810277 0 0.00131366087640789 0.00148491191004066 0.00106646000503155 0.00114946724209306 0.00105268916754025 0.00118150661567839 0 0 0.00106451337625422 0.00121806433425557 0 0 0.00115018497470466 0.00105641920965281 0 0 0.00108748854787891 0.00122050956933888 0.00139609851422515 0.00331406073320932 0 0 0 0 0 0 0 0 0 0 0 0 0 0 0 0 0 0 0 0 0 0 0 0 0 0 0 0 0 0 0 0 0 0 0 0 0 0 0 0 0 0 0 0 0 0 0 0 0
"Efnb2" 0 0 0 0 0 0.00114419677583603 0.00119974845135982 0 0 0 0 0 0 0 0 0 0 0 0 0 0 0 0 0 0 0 0 0 0 0 0 0 0 0 0 0 0 0 0 0 0 0 0 0 0 0 0 0 0 0 0 0 0 0 0 0 0 0 0 0 0 0 0 0 0 0 0 0 0 0 0 0 0 0
"Dusp18" 0.00130772291678558 0.00130749492982339 0.00161785663482474 0.0017100271428841 0.00110099037863886 0.0021341607950359 0.00206366380754605 0.00128394906732881 0.00145763195560894 0.00131973444076525 0.00159229363563867 0.00112032374911293 0.00157795755967461 0.00114156522801888 0.00135759360487114 0.00110086410015452 0.00122632287138172 0.00125904793272862 0.0012732249765504 0.00108528246424237 0.00107473882985375 0.0013380680088355 0.00142496559285463 0.00151833958549796 0.00151018010453767 0 0 0 0.00157112179899676 0 0 0.00106266133847936 0 0 0 0 0.00117987341067274 0.00118194472165944 0 0.00112083959891385 0.001447093699433 0.00118580380767113 0.00118927731982052 0.00114812007316828 0 0 0.00106891704465605 0 0 0 0 0.00126800625760793 0 0 0.00109967319224832 0 0 0 0 0 0 0 0.00124640270190044 0.00108085712765975 0.00118345150373021 0.00110777176352022 0 0 0 0 0 0.00137556297092936 0 0
"Adam17" 0.00152012849124405 0.0014417568634063 0.00115993367388151 0.00176616475343128 0.00117790673453089 0.00196545252932372 0.00206911530949821 0.00134863235874304 0.00150218821176013 0.00137746827114527 0.00170368372605386 0.00127317639260921 0.00152664699934757 0.00143327073942227 0.0015406909372773 0.00118469918559925 0.00139312205183961 0.00150808810656686 0.0013662293519631 0.00126615679310811 0.00131418864926006 0.00143038606989501 0.00152800804205562 0.00176475134299126 0.00250313799333803 0.00114168079867922 0 0 0.00105223831482593 0 0 0 0 0.00212851138965628 0 0.00119530599656651 0.00114981150815589 0.00115555570781167 0 0.00120053978595704 0.00133445508112182 0.00116119778835082 0.00131174750016102 0.00133758499639306 0 0 0.00109929193334453 0.00114099932632288 0 0 0 0.00112046712609535 0 0 0.00120600632142194 0 0 0 0.00107434591330127 0.00106242749233537 0 0.00115337820528522 0.00122041553539074 0.00117464468271232 0.00114080460143288 0 0 0 0.00109809810017397 0.00117360891094602 0.00473414026985662 0 0.00110368225735726 0
"Arf1" 0 0 0 0 0 0.00106004851856561 0.00121303997570744 0 0 0 0 0 0 0 0 0 0 0 0 0 0 0 0 0 0 0 0 0 0 0 0 0 0 0 0 0 0 0 0 0 0 0 0 0 0 0 0 0 0 0 0 0 0 0 0 0 0 0 0 0 0 0 0 0 0 0 0 0 0 0 0 0 0 0
"Rps19" 0 0.0010961330719689 0 0 0 0.00126701179914019 0.00135389490823109 0 0.00110862868192535 0 0.00108223249040059 0 0 0 0.00109043188819073 0 0 0.00106750726943653 0 0 0 0 0 0.00112611321241043 0 0 0 0 0 0 0 0 0 0 0 0 0 0 0 0 0 0 0 0 0 0 0 0 0 0 0 0 0 0 0 0 0 0 0 0 0 0 0 0 0 0 0 0 0 0 0 0 0 0
"Pgf" 0.00158456810076445 0.00152197987412888 0.00145697604379791 0.00178065892880976 0.00117152058720136 0.00206311573471318 0.00218818771600824 0.00135654474903529 0.00154917481853526 0.00140476456738035 0.00188013051897822 0.00169384392973226 0.00179753890769374 0.00131848282176706 0.00160038242317859 0.00122380736298935 0.00147920924131826 0.00153564740063622 0.00126203699620948 0.00137014869170567 0.00130862951305746 0.00143833709680886 0.0016884356686671 0.00193573683011864 0.00296626976596113 0.0011951632580276 0 0 0.00112244303901512 0 0 0 0 0.0012695184622155 0 0.00121742381247097 0.00134512398909773 0.00128375732887628 0 0.00138323208470499 0.00132606360345978 0.00127654192520133 0.00120836607605814 0.00137792234125744 0 0 0.00120926304340273 0.00120711903435626 0 0 0 0.00113557633636616 0 0.00105862064341135 0.00137110048119647 0 0 0.00107036733965338 0.00110970012160199 0.00104462974213047 0 0.00121452343647606 0.0011768535890609 0.00120781173199864 0.00118960562859271 0.00121675256280623 0 0 0.0011349566432881 0.00108043125274648 0 0 0.00115923316206614 0.001047786078832
"Gpi1" 0 0 0 0 0 0 0.0017677010676815 0 0 0 0 0 0 0 0 0 0 0 0 0 0 0 0 0 0 0 0 0 0 0 0 0 0 0 0 0 0 0 0 0 0 0 0 0 0 0 0 0 0 0 0 0 0 0 0 0 0 0 0 0 0 0 0 0 0 0 0 0 0 0 0 0 0 0
"Itga4" 0 0 0 0 0 0.00117521952264516 0.0013082501693038 0 0 0 0 0 0 0 0 0 0 0 0 0 0 0 0 0 0 0 0 0 0 0 0 0 0 0 0 0 0 0 0 0 0 0 0 0 0 0 0 0 0 0 0 0 0 0 0 0 0 0 0 0 0 0 0 0 0 0 0 0 0 0 0 0 0 0
"Vegfc" 0.00138739237908813 0.00135335614719117 0 0.00159676431311203 0.00113447420614345 0.00172697721905583 0.00175765021772766 0.00118427352499106 0.00148951299253066 0.00120351962340331 0.00161415845904594 0.00119106203952406 0.00122606414886062 0.00129533641966233 0.00138651172409576 0.0010632903123865 0.00124175228768125 0.00142397638507753 0.00111873538085813 0.00122723251155306 0.00142464129802751 0.00135497115349177 0.00130755120474954 0.00140809995522868 0.00168723077522515 0.00112947633191606 0 0 0 0 0.00220931165320014 0 0 0 0 0 0.00107675419360986 0.00127902104644851 0 0.00108338581842021 0.00107870084580015 0.00124541409734828 0 0.00119533008351952 0 0 0.0011991438195346 0.0010820710210006 0 0 0 0.00108359809732672 0 0 0 0 0 0 0.00116464338913521 0 0 0.00111350673640197 0 0 0.00107735732232014 0 0 0 0 0 0 0 0 0
"Bdnf" 0.001433808953727 0.00155366749472203 0.00111708608961142 0.00158194035862882 0.00134430225479386 0.00268462321469645 0.00285191567093599 0.00142364959265521 0.00173527647161518 0.0014414076832837 0.00169133349052138 0.00128249222617003 0.00136090264917081 0.00152023556767394 0.00164804253843356 0.00122553418039161 0.00134580829674567 0.00136432796360053 0.00126105317220516 0.00128923132089209 0.00129354982081206 0.00141329022257912 0.00163372873984221 0.00181288091522283 0.00253342430504514 0.00117531036815031 0 0 0.00114757751225025 0 0 0 0 0.00385664607478185 0 0.00124289731648549 0.00115469653591547 0.00129018725259228 0 0.00123683474051476 0.00118504898540563 0.00130927840911716 0.00117301261167958 0.00132575798109207 0 0 0.00122498262913035 0 0 0 0 0.00120523325925211 0 0.00109614637744316 0.00107970140473936 0 0 0 0.00107798630768292 0 0 0.00116942306038556 0.00112058836344037 0.00117210553419568 0.00118127395985802 0.00105803184717005 0 0 0.00108106110568923 0.00126483326807193 0 0 0.00118907695317434 0
"Pros1" 0.00169455534887847 0.00164073810206497 0.00124337906893848 0.00180991592613028 0.00132417726065592 0.00193361403825029 0.00296467644517818 0.00166519308200162 0.00173150113609308 0.00145970538630242 0.00168226934658771 0.00139754844491823 0.00145038743054541 0.00145540154789745 0.001703242632478 0.00141148985399017 0.00166494980013655 0.00156434224003267 0.00145359468187998 0.00146486921033178 0.00136814187722094 0.00151509269512285 0.00164713880438147 0.00184751510728591 0.00179764943299951 0.00130113046119239 0 0 0.00114188847654893 0 0 0.00116469269161328 0 0 0 0.00123172057618832 0.00121703993002482 0.0012408236762611 0 0.00148704754301083 0.00129646224456047 0.00137498037849104 0.00123278618222357 0.0015607816818557 0 0 0.00126379634713561 0.00122688920507311 0 0 0 0.00121811467121443 0 0.00106757533808741 0.00115379981805975 0 0 0.00105623829548009 0.00116282912081809 0.00111617552146499 0 0.0012793841595511 0.00122163920712198 0.00132667343605835 0.00124543617273829 0.00114933767627248 0 0 0 0.00112466640388764 0.00113316249821651 0 0.00123423729765081 0
"Hmgb1" 0.00224754285905749 0.00229718206526458 0.00186646190700926 0.00512539730752171 0.00188763939567353 0.00254898592522533 0.00297002690844441 0.00244227739533442 0.00242489808804238 0.00208214105952824 0.00232338205558798 0.00211550342687762 0.00562016913687305 0.00178120930363061 0.00225278350968699 0.00180157668359206 0.0018819694242949 0.0022616460647014 0.00202998881384803 0.00199634558984161 0.00185336076421747 0.0018596181983122 0.00230314534335554 0.00254914583597354 0.0022101560164988 0.00173035830256951 0.00133133735129286 0.00107729772645261 0.00135162933996022 0 0.00125881169821278 0.00160599741967842 0 0.00143158844947672 0.00107393114551983 0.00165626645284002 0.00177637757815007 0.00183897263318099 0.00106582584138718 0.0019654610599727 0.00193212848994828 0.00197365406510553 0.00174174737190009 0.00199640735340816 0.00143523454306634 0.00105004880748617 0.00157388860100157 0.00527474463608968 0.0013546673719414 0 0.00114956404737562 0.00157444452961575 0.00131901620705546 0.00143966385420201 0.00177618973241603 0 0.00129323620020363 0.00159633277520012 0.00176841917993115 0.00168368666306409 0.00139520890716089 0.00161534775738233 0.00185641533246214 0.00193849442647376 0.00174630138340386 0.00171340897707467 0.00138252004872757 0.00524403507165371 0.0013688475725389 0.00170276955605402 0.00134699904293759 0.00134955281538341 0.00187728072717218 0.00119227536509825
"Psap" 0.00160764635346211 0.00159016852764385 0.00131982772042723 0.00177879114037786 0.00119539904644535 0.00178445688683279 0.00206312454713585 0.00139050877182636 0.00169274695256752 0.0017068576884652 0.00172617917868787 0.00132126451092472 0.0012559456491228 0.00147302889928005 0.00166640072891609 0.00156317941288722 0.00137659307451555 0.00153120333748486 0.00147445782494513 0.00140257584043649 0.00122198024639416 0.00114161020650741 0.00154249015180985 0.00221564834471034 0.00149019061887095 0.00160484246368281 0 0 0.00107607156238455 0 0 0.00132614595960236 0 0 0 0.00119931965775281 0.00110040903390352 0.00139036985953703 0 0.00142212141976128 0.00122935048510996 0.00134314633873947 0.00126856427846881 0.00122023295145894 0 0 0.00115686746047882 0.00158434840935598 0.00104755970686035 0 0 0.00106283555885571 0 0.00108077749618099 0.00146378554511468 0 0 0 0.00136512335386984 0.00140141001691532 0 0.00146324069797319 0.00178083726807625 0.00159328016156 0.00162185349159245 0.00145473369077283 0.00151761368228291 0 0.00133985933481222 0 0 0 0.00120256185329688 0
"Itgb1" 0.00105680613317923 0.00110700085316185 0 0.00111741936383508 0 0.00141891009476632 0.0023583641063619 0.00106593535012395 0.00115787128547419 0 0.00116470592654962 0 0 0.00104860595772709 0.00115612719647975 0 0 0.00104721617151073 0 0 0 0 0.00109295327310612 0.00121013500268273 0.00123606154350047 0 0 0 0 0 0 0 0 0 0 0 0 0 0 0 0 0 0 0 0 0 0 0 0 0 0 0 0 0 0 0 0 0 0 0 0 0 0 0 0 0 0 0 0 0 0 0 0 0
"Itgb2" 0.00110373204318215 0.00117271468946991 0 0.00123962524960061 0 0.00150891297300802 0.00167196176542722 0.00104441253231619 0.00128251529228418 0 0.00127059140788063 0 0.00121034151745122 0.00106851591676659 0.00122606362947247 0 0 0.00110804770692412 0 0 0 0 0.00119325759730001 0.00128002965240362 0.00133742872972063 0 0 0 0 0 0 0 0 0 0 0 0 0 0 0 0 0 0 0 0 0 0 0 0 0 0 0 0 0 0 0 0 0 0 0 0 0 0 0 0 0 0 0 0 0 0 0 0 0
"Pdgfb" 0.00134724812981761 0.00144905231401009 0.00377692683710619 0.00173584731928376 0.00111060214007007 0.00397971566562292 0.00419351935735484 0.00127832106437133 0.00149809507474456 0.00136496490897051 0.00161798752627548 0.00126895285760113 0.00156042085065272 0.00130758285203048 0.00153110703459295 0.00109547899265882 0.00131028157414491 0.0013483791058674 0.00118626414954706 0.00122996419558952 0.00123115473834787 0.00154618258854575 0.00157487736412739 0.00170006561193559 0.00169163076759744 0.00105436861818193 0 0 0 0 0 0 0 0.00384315562232967 0 0.00104917703515875 0.00106508640355763 0.00118737509160926 0 0.0011476893123666 0.00130261490045116 0.00117169532525871 0.0011483186033682 0.00123530278212532 0 0 0.00105807557206944 0.00109549301184856 0 0 0 0.00109982803244807 0 0 0.00113417971356201 0 0 0 0 0 0.00226788633488266 0.00111597042922231 0 0.0010450518914891 0.00116975328185497 0 0 0 0.00104480783019093 0.00104280472467621 0 0 0.00104629396145962 0
"Nectin1" 0.0011018438391654 0.00118519249823681 0 0.00122810378241218 0 0.00156986577337499 0.00150300544457211 0.00104837504423276 0.00120013234042198 0.00118377479603172 0.00122338698503827 0 0.00121411407376731 0.00114331666493793 0.0010985251074817 0 0.00107592143389203 0.00108075074814758 0 0.00106573905102779 0 0.00106215063710386 0.00112631851990228 0.00123798158762503 0.00148187893367509 0 0 0 0 0 0 0 0 0 0 0 0 0 0 0 0 0 0 0.00110523474411096 0 0 0 0 0 0 0 0 0 0 0 0 0 0 0 0 0 0 0 0 0 0 0 0 0 0 0 0 0 0
"Lrpap1" 0.00119368533438377 0.00121734734781219 0 0.00117305108037101 0 0.00136080936965118 0.00157956256806241 0.00127754871955826 0.00131570357430475 0.00105204116358687 0.00130179882185781 0.00112459739996234 0.00112397723786745 0.00115029101068653 0.0012804303933304 0 0 0.00114011302595117 0.00113528030734008 0 0.00104376849699133 0 0.00110745258648651 0.00149484761016432 0.00118729708905031 0 0 0 0 0 0 0 0 0 0 0 0 0.00105119475429857 0 0.00108045959085792 0 0 0 0.00115876483452608 0 0 0 0 0 0 0 0 0 0 0 0 0 0 0.00105067171843884 0 0 0 0 0 0 0 0 0 0 0 0 0 0 0
"Pecam1" 0.00121796562353523 0.00136738750926704 0 0.00143730442326052 0.00111063405444707 0.00174813253088666 0.00188044658787928 0.00123388280103664 0.0013434363341481 0.00123659048526005 0.00130393379050722 0.00109454971541497 0.00127681993639204 0.00118725210810313 0.00133913952023012 0 0.00123272139760409 0.00119213296254547 0.00106841336048243 0.0011326389704001 0 0.00127793938704284 0.00133954145899324 0.00143843750617272 0.00156776997326893 0 0 0 0 0 0 0 0 0 0 0 0 0 0 0.00110136167528919 0.00114124479472566 0.00104577814537647 0.00106184148777484 0.00122331004441365 0 0 0 0 0 0 0 0 0 0 0 0 0 0.00208057750040458 0.00105665516767871 0 0 0.00105805874719248 0 0 0 0 0 0 0 0 0 0 0 0
"Plxnb2" 0 0 0 0 0 0.00121401005760754 0.0012145878433982 0 0 0 0.00107458397284476 0 0 0 0 0 0 0 0 0 0 0 0 0.00110832964843125 0.00114940431200135 0 0 0 0 0 0 0 0 0 0 0 0 0 0 0 0 0 0 0 0 0 0 0 0 0 0 0 0 0 0 0.00107630605802295 0 0 0 0 0 0 0 0 0 0 0 0 0 0 0 0 0 0
"Hc" 0.00197842523846087 0 0 0 0 0.00128801837798495 0.00121904808611797 0 0 0 0 0 0 0 0 0 0 0 0 0 0 0 0 0 0.001994648367245 0 0 0 0 0 0 0 0 0 0 0 0 0 0 0 0 0 0 0 0 0 0 0 0 0 0 0 0 0 0 0 0 0 0 0 0 0 0 0 0 0 0 0 0 0 0 0 0 0
"Yars" 0 0.00123382642040779 0 0.00112025741578378 0.0010679639474917 0.00139265318762368 0.00169190123587818 0 0.00140205527682894 0.0012113256328791 0.00129126032055829 0 0.00105607319778282 0.00110519005352786 0.00118747027906698 0 0 0.0011882952098628 0 0.0011168099708566 0.00109230067713069 0 0.00112996519035683 0.00134268522608456 0.00128673657073765 0 0 0 0 0 0 0 0 0 0 0 0 0 0 0.00118003192422298 0 0 0 0 0 0 0.0012806832304884 0 0 0 0 0 0 0 0 0 0 0 0 0 0 0 0 0 0 0 0 0 0 0 0 0 0 0
"Tnfsf13b" 0.00118100036603681 0.00131670772846163 0 0.00248380239986209 0 0.00158421183865339 0.00171852712084425 0.00113552301876614 0.00132550126110563 0.00114725578863451 0.0015205920151777 0.00108957201095851 0.00140725078539295 0.00112646108171369 0.00133827636679014 0 0.00111310586304653 0.00132835077757469 0.00117966156174943 0.00111828095464868 0.00106778652696337 0.00117949642551493 0.0011624352409784 0.00135886320410839 0.00139692631819452 0 0 0 0 0 0 0 0 0 0 0 0 0 0 0.00111529853584931 0.00116330358440472 0.0010627396136959 0 0.00110440920299505 0 0 0.00109572776956268 0.00110153608103979 0 0 0 0 0 0 0 0 0 0 0 0 0 0 0 0 0 0 0 0 0 0 0 0 0 0
"Hbegf" 0.00120974304173577 0.00127227455205067 0.00369077923673185 0.00418890746463193 0 0.00177694186991293 0.00189441420720381 0.00117347248888774 0.00132573586962643 0.00111160319934282 0.00136802792326024 0.00123157553889115 0.00139941167804101 0.00111313392523414 0.00133157129618624 0.00108501418900687 0.00123561062762319 0.00118637513650956 0.00107034063255234 0.00107148696761835 0 0.00124169901990256 0.00128697811236744 0.00149707275928332 0.0014459434880895 0 0 0 0 0 0 0 0 0 0 0 0.00111639282333904 0 0 0.00116144189648196 0.00111792143406219 0.00106657114493718 0 0.00113111695695788 0 0 0 0 0 0 0 0 0 0 0 0 0 0 0 0 0 0.00104482005405841 0 0 0 0 0 0 0 0 0 0 0 0
"Cxcl12" 0 0.00110652417012041 0 0.00126837164302806 0.00105367335817976 0.00156572415511307 0.00367438744373611 0.00107192451816511 0.00119565846547445 0.00109040988550145 0.00129663054851378 0 0.00122619544728706 0.00105204124380248 0.00120144145401988 0 0 0.00107576355527578 0 0 0 0.00132478426710201 0.00124290281847455 0.00139512043561346 0.00430544677916095 0 0 0 0 0 0 0 0 0 0 0 0 0 0 0 0 0.00108239877347202 0 0 0 0 0 0 0 0 0 0 0 0 0 0 0.00200304387493873 0 0 0 0 0 0 0 0 0 0 0 0 0 0 0 0 0
"Vcam1" 0 0 0 0 0 0 0.00123732350505556 0 0 0 0 0 0 0 0 0 0 0 0 0 0 0 0 0 0 0 0 0 0 0 0 0 0 0 0 0 0 0 0 0 0 0 0 0 0 0 0 0 0 0 0 0 0 0 0 0 0 0 0 0 0 0 0 0 0 0 0 0 0 0 0 0 0 0
"Sema5a" 0 0 0 0 0 0.00123229623941838 0.00138821599248424 0 0 0 0.00107502364355481 0 0 0 0 0 0 0 0 0 0 0 0 0.00112302702149244 0.00114623273393842 0 0 0 0 0 0 0 0 0 0 0 0 0 0 0 0 0 0 0 0 0 0 0 0 0 0 0 0 0 0 0.00141332004099068 0 0 0 0 0 0 0 0 0 0 0 0 0 0 0 0 0 0
"Gmfb" 0.00146436565661762 0.00143835242818774 0.00124997681365567 0.00172149290967417 0.00123376201769803 0.00203720956877876 0.00209926887534938 0.00142324624452076 0.00149109169595583 0.00136957856631868 0.00164837402393786 0.0014149408589975 0.00150078933272534 0.00136471790140663 0.00157370325653899 0.00105098682811731 0.00130870317544449 0.00139070888272008 0.00132626750936323 0.00127567154441732 0.00134421922176249 0.00131696037980448 0.00159100233307114 0.00185067766698966 0.00168010448813103 0.00112038644403343 0 0 0.00105377617959486 0 0 0 0 0.00114366129344655 0 0.00117495971312081 0.00114994905029895 0.00122988117256969 0 0.00130925407845439 0.00124056005856439 0.00120228284621177 0.00116535071754077 0.00129952860585796 0 0 0.00116014863973206 0.00117697438447532 0 0 0 0.00115034892481608 0 0 0.00144407965791444 0 0 0 0.00112464230652415 0 0 0.00111603707042748 0.00119514821173289 0.00126330688839476 0.00112132693994928 0.00105160979772406 0 0 0.00104933331459789 0.00122241312625556 0 0 0.00114090039615934 0
"Tgfb1" 0.00296597953804268 0.00175568893670016 0.00501298582846888 0.00176299322375367 0.00136616305241965 0.0049155449618628 0.00548303347996596 0.00164313488636811 0.00189555020617561 0.00167447646451182 0.00315856619923651 0.00153336342413857 0.00403017469022695 0.00157339741274326 0.00180035545017696 0.00147227420209035 0.00456380015609211 0.00161445740760965 0.00149627334430383 0.00146975144794285 0.00140104309771909 0.00567161006627657 0.00192981854355597 0.0021377044995426 0.00485364706094005 0.00136584088336789 0.00239610071735005 0 0.00259638499600507 0 0 0.00433370091195563 0 0.00392899524263237 0.002517570023229 0.00264835032139451 0.00131030416960445 0.00286538023665182 0 0.0045332986722952 0.00144999892443804 0.00143939086324581 0.00141667766262817 0.00159500839792795 0.00460091968010032 0.00224681748399341 0.00133198517731623 0.00482613282333761 0.00485394028475774 0.00461832386426685 0.00436841205840133 0.0058713530651132 0.00606760576984587 0.0044065352416625 0.00134011800486834 0 0 0.00120977130048633 0.00131350235045724 0.00116732630200109 0.00110178470921392 0.001313046198603 0.00130402177020084 0.00135897311552173 0.00141422925106265 0.00127768819822119 0.00114093334736303 0 0.00119245953389744 0.00129140126221758 0.00254983793205014 0.00244096580435543 0.00142256473013412 0
"Itgam" 0.00115234982413562 0.00129404308203525 0 0.00137713515200171 0 0.00155234244201311 0.00166340261824615 0.00108973802830415 0.00127118773598424 0 0.00142862833365383 0.00106662959338067 0.00124723211845029 0.00114668509097908 0.00125403050002514 0 0.00112066620251466 0.0012089409520911 0.00105569737502626 0.00107716172904599 0 0.00112798956222543 0.00129601665118742 0.00136526632307033 0.00146694737172499 0 0 0 0 0 0 0 0 0 0 0 0 0 0 0 0 0 0 0.00107240406286459 0 0 0.00106504455545974 0 0 0 0 0 0 0 0 0 0 0 0 0 0 0 0 0 0 0 0 0 0 0 0 0 0 0
"Pf4" 0 0 0 0 0 0.00125339148707614 0.0011988647909831 0 0 0 0 0 0.00186589974392343 0 0 0 0 0 0 0 0 0 0 0 0.00112431712604636 0 0 0 0 0 0 0 0 0 0 0 0 0 0 0 0 0 0 0 0.00192963413564868 0.00182246460460702 0 0 0 0 0 0 0 0 0 0 0 0 0 0 0 0 0 0 0 0 0 0 0 0 0 0 0 0
"Fgf1" 0.00126282497199686 0.00128970280557901 0.00361100199031988 0.00143074188544829 0 0.00165517880547517 0.00172438615322352 0.00121390140459223 0.00141576775432903 0.00113540887855102 0.00137612788392824 0.00108596591128406 0.00127275023603779 0.00111551779827115 0.00127898498401072 0 0.00119553385183569 0.00117304364984508 0.00106913997913822 0.00111542611823456 0 0.001193556247153 0.00127690208138573 0.0014248951502895 0.00143211986828032 0 0 0 0 0 0 0 0 0 0.00224052357432998 0 0 0 0 0.00106290315168148 0.00104347468283822 0.00105589512616555 0 0.00110625333023813 0 0 0 0 0 0 0 0 0 0 0 0 0 0 0 0 0 0 0 0 0 0 0 0 0 0 0 0 0 0
"Lgals3" 0 0.00116641818947899 0 0.00107684042868941 0 0.00134862195131715 0.00152125277648955 0 0.0011609513420231 0 0.00235597249778768 0.00108404011885786 0 0 0.00118340757477034 0 0 0.0010510435383563 0 0 0 0.00207635953436987 0.00110536407315798 0.00126742257183738 0.00124898861495364 0 0 0 0 0 0 0 0 0 0 0 0 0 0.00392451796822546 0 0 0 0.00402165860077069 0 0 0 0 0 0 0 0 0 0 0 0 0 0 0 0 0 0 0 0 0 0 0 0 0 0 0 0 0 0 0
"Vegfa" 0.00136483375622213 0.00147252459272457 0.00378673150218 0.00153306670251271 0.00113814705480148 0.00264269157748718 0.00201992273566579 0.00130843253079308 0.0030021255700173 0.00135138172487628 0.00164521067322292 0.00134260268084396 0.002338318134906 0.00128030598250634 0.00151237439748309 0.00115944325864999 0.00249151263747815 0.00137793475686286 0.00129501658638254 0.0011987761797914 0.00123721883563742 0.00135991631917548 0.00154240272111087 0.00165028049266444 0.00178682373246822 0.00240318969403861 0.00217643341410883 0.00202321285548803 0.0023594748343614 0.00231859823238851 0.00222737839392906 0.00409972140266582 0.00220086392390706 0.00380124637861206 0.00237301976242974 0.0023354608153539 0.00122503156799166 0.00116391919297703 0 0.00122923846880237 0.00120097359757553 0.00124814820161224 0.00109187683850735 0.00128197535357335 0 0 0.00113935963216323 0 0 0 0 0.00104914166599352 0 0 0.00114664890504936 0 0 0 0 0 0 0.00115793639763791 0 0 0.00115722874407488 0 0 0 0 0 0 0 0.00105883457183426 0
"Mmp9" 0.00136532258067635 0.00131705432545645 0.00364748249297431 0.00400475789821093 0.00116157806797452 0.00168013374448286 0.00177374486570155 0.00143850333762942 0.00147147323090061 0.00123968510073616 0.00142764362254368 0.00117644706106746 0.00117875673257323 0.0012980459797124 0.00148103936851367 0.00116971118941245 0.0042324033320783 0.00123223718832004 0.00123962414145568 0.00118372286416479 0.00119330277637678 0.00119176949545885 0.00137758463810955 0.00159847130534817 0.0023646425721241 0 0 0 0 0 0 0 0 0 0 0.00113931068814894 0 0.00110725377784128 0 0.00104955035575396 0.00112203972725607 0.0011344046008952 0 0.00114688291389529 0 0 0 0 0 0 0 0 0 0 0 0 0 0 0 0 0 0 0.00105030902702687 0.00107855341353025 0 0 0 0 0 0 0 0 0.00110434766658601 0
