"","S1pr4","Cxcr3","Cxcr6","M6pr","Cd3d","Cd3g","Tnfrsf13c","Sorl1","Selplg","Sell","Ptprc","Ptpn6","Glg1","Anxa6","Cd74","Calm1","Ptk2b","Rack1","Slc1a5","Itgb7","Rpsa","Itgb1","Cd47","Itga4","Itgal","Itgb2","Il7r","Il2rg","Spn","Cd2","Cd22","Atp5b","Cd8a"
"Tnfsf13b",0,0,0,0,0,0,0.984894738681909,0,0,0,0,0,0,0,0,0,0,0,0,0,0,0.22224896526865,0,0,0,0,0,0,0,0,0,0,0
"Tgfb3",0,0,0,0,0,0,0,0,0,0,0,0,0,0,0,0,0,0,0,0,0,0.206282774030582,0,0,0,0,0,0,0,0,0,0,0
"Tgfb1",0,0,0,0,0,0,0,0,0,0,0,0,0,0,0,0,0,0,0,0,0,0.206282774030582,0,0,0,0,0,0,0,0,0,0,0
"Sema7a",0,0,0,0,0,0,0,0,0,0,0,0,0,0,0,0,0,0,0,0,0,0.206282774030582,0,0,0,0,0,0,0,0,0,0,0
"Psen1",0,0,0,0,0,0,0,0,0,0,0,0,0,0,0,0,0,0,0,0,0,0.176622449563947,0,0,0,0,0,0,0,0,0,0,0
"Npnt",0,0,0,0,0,0,0,0,0,0,0,0,0,0,0,0,0,0,0,0,0,0.142809967830446,0,0,0,0,0,0,0,0,0,0,0
"Mmp9",0,0,0,0,0,0,0,0,0,0,0,0,0,0,0,0,0,0,0,0,0,0.401681940026392,0,0,0,0,0,0,0,0,0,0,0
"Lamc2",0,0,0,0,0,0,0,0,0,0,0,0,0,0,0,0,0,0,0,0,0,0.124822975832743,0,0,0,0,0,0,0,0,0,0,0
"Lamb1",0,0,0,0,0,0,0,0,0,0,0,0,0,0,0,0,0,0,0,0,0,0.124822975832743,0,0,0,0,0,0,0,0,0,0,0
"Hspg2",0,0,0,0,0,0,0,0,0,0,0,0,0,0,0,0,0,0,0,0,0,0.103295647788543,0,0,0,0,0,0,0,0,0,0,0
"Hsp90b1",0,0,0,0,0,0,0,0,0,0,0,0,0,0,0,0,0,0,0,0,0,0.176622449563947,0,0,0,0,0,0,0,0,0,0,0
"Fbn1",0,0,0,0,0,0,0,0,0,0,0,0,0,0,0,0,0,0,0,0,0,0.193718678148794,0,0,0,0,0,0,0,0,0,0,0
"Col4a1",0,0,0,0,0,0,0,0,0,0,0,0,0,0,0,0,0,0,0,0,0,0.124822975832743,0,0,0,0,0,0,0,0,0,0,0
"Col1a1",0,0,0,0,0,0,0,0,0,0,0,0,0,0,0,0,0,0,0,0,0,0.501195220221716,0,0,0,0,0,0,0,0,0,0,0
"Angpt2",0,0,0,0,0,0,0,0,0,0,0,0,0,0,0,0,0,0,0,0,0,0.223456102641836,0,0,0,0,0,0,0,0,0,0,0
"Agrn",0,0,0,0,0,0,0,0,0,0,0,0,0,0,0,0,0,0,0,0,0,0.206282774030582,0,0,0,0,0,0,0,0,0,0,0
"Adam9",0,0,0,0,0,0,0,0,0,0,0,0,0,0,0,0,0,0,0,0,0,0.0960889624155033,0,0,0,0,0,0,0,0,0,0,0
"Adam15",0,0,0,0,0,0,0,0,0,0,0,0,0,0,0,0,0,0,0,0,0,0.0960889624155033,0,0,0,0,0,0,0,0,0,0,0
"Adam17",0,0,0,0,0,0,0,0,0,0,0,0,0,0,0,0,0,0,0,0,0,0.215323106219401,0,0,0,0,0,0,0,0,0,0,0
"Penk",0.137726139012262,0.205567847268707,0.225518483214301,0,0,0,0,0,0,0,0,0,0,0,0,0,0,0,0,0,0,0,0,0,0,0,0,0,0,0,0,0,0
"Hc",0.137726139012262,0.205567847268707,0.225518483214301,0,0,0,0,0,0,0,0,0,0,0,0,0,0,0,0,0,0,0,0,0,0,0,0,0,0,0,0,0,0
"Cxcl2",0.137726139012262,0.205567847268707,0.225518483214301,0,0,0,0,0,0,0,0,0,0,0,0,0,0,0,0,0,0,0,0,0,0,0,0,0,0,0,0,0,0
"Cxcl16",0.137726139012262,0.205567847268707,0.659870508107726,0,0,0,0,0,0,0,0,0,0,0,0,0,0,0,0,0,0,0,0,0,0,0,0,0,0,0,0,0,0
"Ccl5",0.137726139012262,0.0583922957045832,0.26272065961085,0,0,0,0,0,0,0,0,0,0,0,0,0,0,0,0,0,0,0,0,0,0,0,0,0,0,0,0,0,0
"Cxcl12",0.137726139012262,0.0583922957045832,0.225518483214301,0,0,0,0,0,0,0,0,0,0,0,0,0,0,0,0,0,0,0,0,0,0,0,0,0,0,0,0,0,0
"Ccl11",0,0.0583922957045832,0,0,0,0,0,0,0,0,0,0,0,0,0,0,0,0,0,0,0,0,0,0,0,0,0,0,0,0,0,0,0
"C3",0,0.205567847268707,0.225518483214301,0,0,0,0,0,0,0,0,0,0,0,0,0,0,0,0,0,0,0,0,0,0,0.291603182610225,0,0,0,0,0,0,0
"App",0,0.229482566417438,0.225518483214301,0,0,0,0,0.648204425236966,0,0,0,0,0,0,0,0,0,0,0,0,0,0,0,0,0,0,0,0,0,0,0,0,0
"Anxa1",0,0.205567847268707,0.225518483214301,0,0,0,0,0,0,0,0,0,0,0,0,0,0,0,0,0,0,0,0,0.200830142310437,0,0,0,0,0,0,0,0,0
"Npw",0,0.205567847268707,0.225518483214301,0,0,0,0,0,0,0,0,0,0,0,0,0,0,0,0,0,0,0,0,0,0,0,0,0,0,0,0,0,0
"Itga4",0,0,0,0,0,0,0,0,0,0,0,0,0,0,0,0,0,0,0,0.706158464263322,0.0995665826262429,0,0,0,0,0,0,0,0,0,0,0,0
"Calm1",0,0,0,0,0,0,0,0,0,0,0,0,0,0,0,0,0,0,0,0,0.162086214185983,0,0,0,0,0,0,0,0,0,0,0,0
"Pros1",0,0,0,0,0,0,0,0,0,0,0,0,0,0,0,0,0,0,0,0,0.216274304565458,0,0,0,0,0,0,0,0,0,0,0,0
"Lamb2",0,0,0,0,0,0,0,0,0,0,0,0,0,0,0,0,0,0,0,0,0.0942608801914102,0.206282774030582,0,0,0,0,0,0,0,0,0,0,0
"Dusp18",0,0,0,0,0,0,0,0,0,0,0,0,0,0,0,0,0,0,0,0,0.0161365689282064,0.0218358495907046,0,0,0,0,0,0,0,0,0,0,0
"Lama2",0,0,0,0,0,0,0,0,0,0,0,0,0,0,0,0,0,0,0,0,0.0161365689282064,0.124822975832743,0,0,0,0,0,0,0,0,0,0,0
"Fn1",0,0,0,0,0,0,0,0,0,0,0,0,0,0,0,0,0,0,0,0.140132663789715,0.161194146517752,0.433977464142074,0,0.103179164688241,0,0,0,0,0,0,0,0,0
"Vcam1",0,0,0,0,0,0,0,0,0,0,0,0,0,0,0,0,0,0,0,0.396060363097131,0.0995665826262429,0.471078651730058,0,0.377237572836133,0,0.186687838188365,0,0,0,0,0,0,0
"Thbs1",0,0,0,0,0,0,0,0,0,0,0,0,0,0,0,0,0,0,0,0,0,0.215658962029843,0.0340051521904172,0.227632009200605,0,0,0,0,0,0,0,0,0
"Jam2",0,0,0,0,0,0,0,0,0,0,0,0,0,0,0,0,0,0,0,0,0,0.177918065691644,0,0.160771549191508,0,0,0,0,0,0,0,0,0
"Spp1",0,0,0,0,0,0,0,0,0,0,0,0,0,0,0,0,0,0,0,0,0,0.0923475211196466,0,0.176509640800292,0,0,0,0,0,0,0,0,0
"Rps19",0,0,0,0,0,0,0,0,0,0,0,0,0,0,0,0,0,0,0,0,0.211404329570513,0,0,0.200830142310437,0,0,0,0,0,0,0,0,0
"Mif",0,0,0,0,0,0,0,0,0,0,0,0,0,0,0.616099017851631,0,0,0,0,0,0,0,0,0.129681652820949,0,0,0,0,0,0,0,0,0
"Arf1",0,0,0,0,0,0,0,0,0,0,0,0,0,0,0,0,0,0,0,0,0,0,0,0.200830142310437,0,0,0,0,0,0,0,0,0
"Hmgb1",0,0,0,0,0,0,0,0,0,0,0,0,0,0,0,0,0,0,0,0,0,0,0,0.129681652820949,0,0,0,0,0,0,0,0,0
"Ptprm",0,0,0,0,0,0,0,0,0,0,0,0,0,0,0,0,0,0.202074381921627,0,0,0,0,0,0,0,0,0,0,0,0,0,0,0
"Ptprf",0,0,0,0,0,0,0,0,0,0,0,0,0,0,0,0,0,0.120180317200094,0,0,0,0,0,0,0,0,0,0,0,0,0,0,0
"Aimp1",0,0,0,0,0,0,0,0,0,0,0,0,0,0,0,0,0,0.0742070699219637,0,0,0,0,0,0,0,0,0,0,0,0,0,0,0
"Igf1",0,0,0,0,0,0,0,0,0,0,0,0,0,0,0,0,0,0.223158605958851,0,0,0,0,0,0,0,0,0,0,0,0,0,0,0
"Il7",0,0,0,0,0,0,0,0,0,0,0,0,0,0,0,0,0,0,0,0,0,0,0,0,0,0,0.851629765133683,0.858785907984067,0,0,0,0,0
"Trf",0,0,0,0,0,0,0,0,0,0,0,0,0,0,0,0,0,0,0,0,0,0,0,0,0,0,0.113332514465692,0,0,0,0,0,0
"Calr",0,0,0,0,0,0,0,0,0,0,0,0,0,0,0,0,0,0,0,0,0,0,0,0,0,0,0.113332514465692,0,0,0,0,0,0
"Crlf2",0,0,0,0,0,0,0,0,0,0,0,0,0,0,0,0,0,0,0,0,0,0,0,0,0,0,0.0280654993873773,0,0,0,0,0,0
"Itgb2",0,0,0,0,0,0,0,0,0,0,0,0,0,0,0,0,0,0,0,0,0,0,0,0,0.48930312584536,0,0,0,0,0,0,0,0
"Icam1",0,0,0,0,0,0,0,0,0,0,0,0,0,0,0,0,0,0,0,0,0,0,0,0,0.0654290373219354,0.0611300864894527,0,0.413630673218242,0.863148515952939,0,0,0,0
"F11r",0,0,0,0,0,0,0,0,0,0,0,0,0,0,0,0,0,0,0,0,0,0,0,0,0.037492178078916,0.284501553961801,0,0,0,0,0,0,0
"Icam2",0,0,0,0,0,0,0,0,0,0,0,0,0,0,0,0,0,0,0,0,0,0,0,0,0.332445880271921,0.0611300864894527,0,0,0,0,0,0,0
"Rspo1",0,0,0,0,0,0,0,0.401141839870283,0,0,0,0,0,0,0,0,0,0,0,0,0,0,0,0,0,0,0,0,0,0,0,0,0
"Apoe",0,0,0,0,0,0,0,0.699239598034586,0,0,0,0,0,0,0,0,0,0,0,0,0,0,0,0,0,0,0,0,0,0,0,0,0
"Lrpap1",0,0,0,0,0,0,0,0.182382624597654,0,0,0,0,0,0,0,0,0,0,0,0,0,0,0,0,0,0,0,0,0,0,0,0,0
"Copa",0,0,0,0,0,0,0,0,0,0,0,0,0,0,0,0,0,0,0,0,0,0,0,0.200830142310437,0,0,0,0,0,0,0,0.0831994139349206,0.321076192312645
"Gpi1",0,0,0,0,0,0,0,0,0,0,0,0,0,0,0,0,0,0,0,0,0,0,0,0,0,0,0,0,0,0,0,0.0831994139349206,0
"Pkd1",0,0,0,0,0,0,0,0,0,0,0,0,0,0,0,0,0,0,0,0,0,0,0,0,0,0,0,0,0,0,0,0.137781251203572,0
"Ptprc",0,0,0,0,0,0,0,0,0,0,0,0,0,0,0,0,0,0,0,0,0,0,0,0,0.114931384637088,0,0,0,0,0.93936458418087,0.904122102524393,0,0.0232265950121841
"H2-M3",0,0,0,0,0,0,0,0,0,0,0,0,0,0,0,0,0,0,0,0,0,0,0,0,0,0,0,0,0,0,0,0,0.698745651103781
"H2-T23",0,0,0,0,0,0,0,0,0,0,0,0,0,0,0,0,0,0,0,0,0,0,0,0,0,0,0,0,0,0,0,0,0.684944152468303
"Col18a1",0,0,0,0,0,0,0,0,0,0.426079571298829,0,0,0,0,0,0,0,0,0,0,0,0.0885726481273005,0,0,0,0,0,0,0,0,0,0,0
"Cd34",0,0,0,0,0,0,0,0,0,0.440818641887195,0,0,0,0,0,0,0,0,0,0,0,0,0,0,0,0,0,0,0,0,0,0,0
"Cfh",0,0,0,0,0,0,0,0,0,0.0370438891889066,0,0,0,0,0,0,0,0,0,0,0,0,0,0,0,0,0,0,0,0,0,0,0
"Sell",0,0,0,0,0,0,0,0,1.07275115218733,0,0,0,0,0,0,0,0,0,0,0,0,0,0,0,0,0,0,0,0,0,0,0,0
"Selp",0,0,0,0,0,0,0,0,0.865780030212094,0,0,0,0,0,0,0,0,0,0,0,0,0,0,0,0,0,0,0,0,0,0,0,0
"Gmfb",0,0,0,0,0,0,0,0,0,0,0,0,0,0.10564052043099,0,0,0,0,0,0,0,0,0,0,0,0,0,0,0,0,0,0,0
"Nampt",0,0,0,0,0,0,0,0,0,0,0,0,0,0.136650637179898,0,0,0,0,0,0,0,0,0,0,0,0,0,0,0,0,0,0,0
"Ceacam1",0,0,0,0,0,0,0,0,0,0,0,0.436140145393916,0,0,0,0,0,0,0,0,0,0,0,0,0,0,0,0,0,0,0,0,0
"Kitl",0,0,0,0,0,0,0,0,0,0,0,0.0286522636258257,0,0,0,0,0,0,0,0,0,0,0,0,0,0,0,0,0,0,0,0,0
"Mapt",0,0,0,0,0,0,0,0,0,0,0,0,0,0,0,0.0193483307384874,0.154872339316825,0,0,0,0,0,0,0,0,0,0,0,0,0,0,0,0
"Vegfa",0,0,0,0,0,0,0,0,0,0,0,0,0,0,0,0,0.382819557936493,0,0,0,0,0,0,0,0,0,0,0,0,0,0,0,0
"Lgals3",0,0,0,0,0,0,0,0,0,0,0,0,0,0,0,0,0,0,0.160983780739952,0,0,0.389762463748047,0,0,0,0,0,0,0.214569089624895,0,0,0,0
"Cdh1",0,0,0,0,0,0,0,0,0,0,0,0,0,0,0,0,0,0.22526283440201,0.23301829452121,0.0331347905407501,0,0,0,0,0,0,0,0,0,0,0,0,0
"Itgb1",0,0,0,0,0,0,0,0,0,0,0,0,0,0,0,0,0.350545818033698,0.277758086884465,0.181837144648906,0,0,0,0.37047288854909,0.420510826812613,0,0,0,0,0,0,0,0,0
"Clstn1",0,0,0,0.216815510302392,0,0,0,0,0,0,0,0,0,0,0,0,0,0,0,0,0,0,0.252443677350958,0,0,0,0,0,0,0,0,0,0
"Wnt5a",0,0,0,0.13230700072631,0.13424149757784,0.108436758426259,0,0,0,0,0,0,0,0,0,0,0,0,0,0,0,0,0,0,0,0,0,0,0,0,0,0,0
"Cd2",0,0,0,0,0,0,0,0,0,0,0.110630458510842,0,0,0,0,0,0,0,0,0,0,0,0,0,0,0,0,0,0,0,0,0,0
"Fgf2",0,0,0,0,0,0,0,0,0,0,0,0,0.306495006314527,0,0,0,0,0,0,0,0,0,0,0,0,0,0,0,0,0,0,0,0
