"","P2ry14","Adora1","S1pr3","Epha2","Lrp6","Sec63","Ddr2","Ryk","Antxr1","Lrp1","Cd47","Igf2r","Dag1","Cd151","Itga1","Itgb1","Rpsa","Ptch1","Itgb5","Itga8","Itga9","Acvr2a","Bmpr2","Eng","Tgfbr3","Glg1","Sdc2","Sdc3","Sdc4","Il6st","Osmr","Ednra","F2r","Cul5","Rrbp1","Dlg4","Atp5b","Pkd2","Ptpra","Rack1","Pkd1","Igf1r","Ncstn","Mylk","Tnfrsf1a","Nrp2","Lepr","Pdgfrb","Nptn","Tgfbr2","Tnfrsf19","Il1r1","Derl1","Calm1","Clstn1"
"Timp1",0,0,0,0,0,0,0,0,0,0.196613018488862,0,0,0,0,0,0,0,0,0,0,0,0,0,0,0,0,0,0,0,0,0,0,0,0,0,0,0,0,0,0,0,0,0,0,0,0,0,0,0,0,0,0,0,0,0
"Tfpi",0,0,0,0,0,0,0,0,0,0.02413170054837,0,0,0,0,0,0,0,0,0,0,0,0,0,0,0,0,0,0,0,0,0,0,0,0,0,0,0,0,0,0,0,0,0,0,0,0,0,0,0,0,0,0,0,0,0
"Serping1",0,0,0,0,0,0,0,0,0,0.02413170054837,0,0,0,0,0,0,0,0,0,0,0,0,0,0,0,0,0,0,0,0,0,0,0,0,0,0,0,0,0,0,0,0,0,0,0,0,0,0,0,0,0,0,0,0,0
"Serpine2",0,0,0,0,0,0,0,0,0,0.140964001971249,0,0,0,0,0,0,0,0,0,0,0,0,0,0,0,0,0,0,0,0,0,0,0,0,0,0,0,0,0,0,0,0,0,0,0,0,0,0,0,0,0,0,0,0,0
"Serpine1",0,0,0,0,0,0,0,0,0,0.446424887129183,0,0,0,0,0,0,0,0,0,0,0,0,0,0,0,0,0,0,0,0,0,0,0,0,0,0,0,0,0,0,0,0,0,0,0,0,0,0,0,0,0,0,0,0,0
"Psap",0,0,0,0,0,0,0,0,0,0.02413170054837,0,0,0,0,0,0,0,0,0,0,0,0,0,0,0,0,0,0,0,0,0,0,0,0,0,0,0,0,0,0,0,0,0,0,0,0,0,0,0,0,0,0,0,0,0
"Plat",0,0,0,0,0,0,0,0,0,0.02413170054837,0,0,0,0,0,0,0,0,0,0,0,0,0,0,0,0,0,0,0,0,0,0,0,0,0,0,0,0,0,0,0,0,0,0,0,0,0,0,0,0,0,0,0,0,0
"Lrpap1",0,0,0,0,0,0,0,0,0,0.486493867489844,0,0,0,0,0,0,0,0,0,0,0,0,0,0,0,0,0,0,0,0,0,0,0,0,0,0,0,0,0,0,0,0,0,0,0,0,0,0,0,0,0,0,0,0,0
"Ltf",0,0,0,0,0,0,0,0,0,0.02413170054837,0,0,0,0,0,0,0,0,0,0,0,0,0,0,0,0,0,0,0,0,0,0,0,0,0,0,0,0,0,0,0,0,0,0,0,0,0,0,0,0,0,0,0,0,0
"Agrn",0,0,0,0,0,0,0,0,0,0.10960023775516,0,0,0.388241151265362,0,0,0.206282774030582,0,0,0,0,0,0,0,0,0,0,0,0,0,0,0,0,0,0,0,0,0,0,0,0,0,0,0,0,0,0,0,0,0,0,0,0,0,0,0
"Hspg2",0,0,0,0,0,0,0,0,0,0.10960023775516,0,0,0.322531549603126,0,0,0.103295647788543,0,0,0,0,0,0,0,0,0,0,0,0,0,0,0,0,0,0,0,0,0,0,0,0,0,0,0,0,0,0,0,0,0,0,0,0,0,0,0
"Hsp90b1",0,0,0,0,0,0,0,0,0,0.02413170054837,0,0,0,0,0,0.176622449563947,0,0,0,0,0,0,0,0,0,0,0,0,0,0,0,0,0,0,0,0,0,0,0,0,0,0,0,0,0,0,0,0,0,0,0,0,0,0,0
"Mmp9",0,0,0,0,0,0,0,0,0,0.310435776660169,0,0,0,0,0,0.401681940026392,0,0,0,0,0,0,0,0,0,0,0,0,0,0,0,0,0,0,0,0,0,0,0,0,0,0,0,0,0,0,0,0,0,0,0,0,0,0,0
"Clstn1",0,0,0,0,0,0,0,0,0,0.179146242106199,0.252443677350958,0.207394557196874,0,0,0,0,0,0,0,0,0,0,0,0,0,0,0,0,0,0,0,0,0,0,0,0,0,0,0,0,0,0,0,0,0,0,0,0,0,0,0,0,0,0,0
"Plau",0,0,0,0,0,0,0,0,0,0.02413170054837,0,0.126882330941828,0,0,0,0,0,0,0,0,0,0,0,0,0,0,0,0,0,0,0,0,0,0,0,0,0,0,0,0,0,0,0,0,0,0,0,0,0,0,0,0,0,0,0
"Thbs1",0,0,0,0,0,0,0,0,0,0.625241979369739,0.0340051521904172,0,0,0,0,0.215658962029843,0,0,0,0,0,0,0,0,0,0,0,0,0,0,0,0,0,0,0,0,0,0,0,0,0,0,0,0,0,0,0,0,0,0,0,0,0,0,0
"Thbs2",0,0,0,0,0,0,0,0,0,0.190636719311023,0.2422404431704,0,0,0,0,0,0,0,0,0,0,0,0,0,0,0,0,0,0,0,0,0,0,0,0,0,0,0,0,0,0,0,0,0,0,0,0,0,0,0,0,0,0,0,0
"Itga4",0,0,0,0,0,0,0,0,0,0,0,0,0,0,0,0,0.0995665826262429,0.174840065402722,0,0,0,0,0,0,0,0,0,0,0,0,0,0,0,0,0,0,0,0,0,0,0,0,0,0,0,0,0,0,0,0,0,0,0,0,0
"Pros1",0,0,0,0,0,0,0,0,0,0,0,0,0,0,0,0,0.216274304565458,0,0,0,0,0,0,0,0,0,0,0,0,0,0,0,0,0,0,0,0,0,0,0,0,0,0,0,0,0,0,0,0,0,0,0,0,0,0
"Rps19",0,0,0,0,0,0,0,0,0,0,0,0,0,0,0,0,0.211404329570513,0,0,0,0,0,0,0,0,0,0,0,0,0,0,0,0,0,0,0,0,0,0,0,0,0,0,0,0,0,0,0,0,0,0,0,0,0,0
"Lama2",0,0,0,0,0,0,0,0,0,0,0,0,0.656016895771603,0,0,0.124822975832743,0.0161365689282064,0,0,0,0,0,0,0,0,0,0,0,0,0,0,0,0,0,0,0,0,0,0,0,0,0,0,0,0,0,0,0,0,0,0,0,0,0,0
"Lamb2",0,0,0,0,0,0,0,0,0,0,0,0,0,0,0,0.206282774030582,0.0942608801914102,0,0,0,0,0,0,0,0,0,0,0,0,0,0,0,0,0,0,0,0,0,0,0,0,0,0,0,0,0,0,0,0,0,0,0,0,0,0
"Fn1",0,0,0,0,0,0,0,0,0,0,0,0.279071604509027,0,0,0,0.433977464142074,0.161194146517752,0,0.330575519955274,0.175693105238792,0,0,0,0,0,0,0.022254232864487,0,0,0,0,0,0,0,0,0,0,0,0,0,0,0,0,0,0,0,0,0,0,0,0,0,0,0,0
"Vcam1",0,0,0,0,0,0,0,0,0,0,0,0.172377264120606,0,0,0,0.471078651730058,0.0995665826262429,0,0,0,0.497441251210475,0,0,0,0,0,0,0,0,0,0,0,0,0,0,0,0,0,0,0,0,0,0,0,0,0,0,0,0,0,0,0,0,0,0
"Grn",0,0,0,0,0,0,0,0,0,0,0,0,0,0,0,0,0,0,0,0,0,0,0,0,0,0,0,0,0,0,0,0,0,0,0,0,0,0,0,0,0,0,0,0,0.270708918618151,0,0,0,0,0,0,0,0,0,0
"Adam17",0,0,0,0,0,0,0,0,0,0,0,0,0,0,0,0.215323106219401,0,0.283058777114957,0,0,0,0,0,0,0,0,0,0,0,0,0,0,0,0,0,0,0,0,0,0,0,0,0,0,0.316229024583641,0,0,0,0,0,0,0,0,0,0
"Ltb",0,0,0,0,0,0,0,0,0,0,0,0,0,0,0,0.103295647788543,0,0,0,0,0,0,0,0,0,0,0,0,0,0,0,0,0,0,0,0,0,0,0,0,0,0,0,0,0.497927069078418,0,0,0,0,0,0,0,0,0,0
"Fbn1",0,0,0,0,0,0,0,0,0,0,0,0,0,0,0,0.193718678148794,0,0,0,0,0,0,0,0,0,0,0,0,0,0,0,0,0,0,0,0,0,0,0,0,0,0,0,0,0,0,0,0,0,0,0,0,0,0,0.400739617905946
"Tnfsf13b",0,0,0,0,0,0,0,0,0,0,0,0,0,0,0,0.22224896526865,0,0,0,0,0,0,0,0,0,0,0,0,0,0,0,0,0,0,0,0,0,0,0,0,0,0,0,0,0,0,0,0,0,0,0,0,0,0,0
"Angpt2",0,0,0,0,0,0,0,0,0,0,0,0,0,0,0,0.223456102641836,0,0,0,0,0,0,0,0,0,0,0,0,0,0,0,0,0,0,0,0,0,0,0,0,0,0,0,0,0,0,0,0,0,0,0,0,0,0,0
"Jam2",0,0,0,0,0,0,0,0,0,0,0,0,0,0,0,0.177918065691644,0,0,0,0,0,0,0,0,0,0,0,0,0,0,0,0,0,0,0,0,0,0,0,0,0,0,0,0,0,0,0,0,0,0,0,0,0,0,0
"Dusp18",0,0,0,0,0,0,0,0,0,0,0,0,0,0.0441477083275056,0.0264377407495297,0.0218358495907046,0.0161365689282064,0,0,0,0,0,0,0,0,0,0,0,0,0,0,0,0,0,0,0,0,0,0,0,0,0,0,0,0,0,0,0,0,0,0,0,0,0,0
"Lamc2",0,0,0,0,0,0,0,0,0,0,0,0,0,0.408727326544067,0,0.124822975832743,0,0,0,0,0,0,0,0,0,0,0,0,0,0,0,0,0,0,0,0,0,0,0,0,0,0,0,0,0,0,0,0,0,0,0,0,0,0,0
"Lamb1",0,0,0,0,0,0,0,0,0,0,0,0,0.419159861160115,0,0.244765300528363,0.124822975832743,0,0,0,0,0,0,0,0,0,0,0.181684131596002,0,0,0,0,0,0,0,0,0,0,0,0,0,0,0,0,0,0,0,0,0,0,0,0,0,0,0,0
"Col4a1",0,0,0,0,0,0,0,0,0,0,0,0,0,0,0.151129337145447,0.124822975832743,0,0,0,0,0,0,0,0,0,0,0,0,0,0,0,0,0,0,0,0,0,0,0,0,0,0,0,0,0,0,0,0,0,0,0,0,0,0,0
"Sema7a",0,0,0,0,0,0,0,0,0,0,0,0,0,0,0.244765300528363,0.206282774030582,0,0,0,0,0,0,0,0,0,0,0,0,0,0,0,0,0,0,0,0,0,0,0,0,0,0,0,0,0,0,0,0,0,0,0,0,0,0,0
"Col18a1",0,0,0,0,0,0,0,0,0,0,0,0,0,0,0,0.0885726481273005,0,0.283058777114957,0.208004759611892,0,0,0,0,0,0,0,0,0,0,0,0,0,0,0,0,0,0,0,0,0,0,0,0,0,0,0,0,0,0,0,0,0,0,0,0
"Vwf",0,0,0,0,0,0,0,0,0,0,0,0,0,0,0,0,0,0,0.177486935459451,0,0,0,0,0,0,0,0,0,0,0,0,0,0,0,0,0,0,0,0,0,0,0,0,0,0,0,0,0,0,0,0,0,0,0,0
"Adam15",0,0,0,0,0,0,0,0,0,0,0,0,0,0,0,0.0960889624155033,0,0,0,0,0.138883761267944,0,0,0,0,0,0,0,0,0,0,0,0,0,0,0,0,0,0,0,0,0,0,0,0,0,0,0,0,0,0,0,0,0,0
"Col1a1",0,0,0,0,0,0,0.0373982870766781,0,0,0,0,0,0,0,0.146469335307509,0.501195220221716,0,0,0,0,0.174851930282656,0,0,0,0,0,0,0,0,0,0,0,0,0,0,0,0,0,0,0,0,0,0,0,0,0,0,0,0,0,0,0,0,0,0
"Spp1",0,0,0,0,0,0,0,0,0,0,0,0,0,0,0,0.0923475211196466,0,0,0.210629161615286,0.311062360652638,0.133476007591878,0,0,0,0,0,0,0,0,0,0,0,0,0,0,0,0,0,0,0,0,0,0.300017165510666,0,0,0,0,0,0,0,0,0,0,0,0
"Npnt",0,0,0,0,0,0,0,0,0,0,0,0,0,0,0,0.142809967830446,0,0,0,0.175693105238792,0,0,0,0,0,0,0,0,0,0,0,0,0,0,0,0,0,0,0,0,0,0,0,0,0,0,0,0,0,0,0,0,0,0,0
"Tnc",0,0,0,0,0,0,0,0,0,0,0,0,0,0,0,0.240961163066389,0,0,0,0.300559972456547,0.403611024860497,0,0,0,0,0,0,0.275715556681802,0,0,0,0,0,0,0,0,0,0,0,0,0,0,0,0,0,0,0,0,0,0,0,0,0,0,0
"Ccl5",0.244236085159607,0.105418720720692,0.136290500562026,0,0,0,0,0,0,0,0,0,0,0,0,0,0,0,0,0,0,0,0,0,0,0,0,0,0.488348219681343,0,0,0,0,0,0,0,0,0,0,0,0,0,0,0,0,0,0,0,0,0,0,0,0,0,0
"Penk",0.244236085159607,0.105418720720692,0.136290500562026,0,0,0,0,0,0,0,0,0,0,0,0,0,0,0,0,0,0,0,0,0,0,0,0,0,0,0,0,0,0,0,0,0,0,0,0,0,0,0,0,0,0,0,0,0,0,0,0,0,0,0,0
"Hc",0.244236085159607,0.105418720720692,0.136290500562026,0,0,0,0,0,0,0,0,0,0,0,0,0,0,0,0,0,0,0,0,0,0,0,0,0,0,0,0,0,0,0,0,0,0,0,0,0,0,0,0,0,0,0,0,0,0,0,0,0,0,0,0
"Cxcl2",0.244236085159607,0.105418720720692,0.136290500562026,0,0,0,0,0,0,0,0,0,0,0,0,0,0,0,0,0,0,0,0,0,0,0,0,0,0,0,0,0,0,0,0,0,0,0,0,0,0,0,0,0,0,0,0,0,0,0,0,0,0,0,0
"Cxcl12",0.244236085159607,0.105418720720692,0.136290500562026,0,0,0,0,0,0,0,0,0,0,0,0,0,0,0,0,0,0,0,0,0,0,0,0,0,0,0,0,0,0,0,0,0,0,0,0,0,0,0,0,0,0,0,0,0,0,0,0,0,0,0,0
"Cxcl16",0.244236085159607,0.105418720720692,0.136290500562026,0,0,0,0,0,0,0,0,0,0,0,0,0,0,0,0,0,0,0,0,0,0,0,0,0,0,0,0,0,0,0,0,0,0,0,0,0,0,0,0,0,0,0,0,0,0,0,0,0,0,0,0
"C3",0.244236085159607,0,0,0,0,0,0,0,0,0.365388405573321,0,0,0,0,0,0,0,0,0,0,0,0,0,0,0,0,0,0,0,0,0,0,0,0,0,0,0,0,0,0,0,0,0,0,0,0,0,0,0,0,0,0,0,0,0
"Hebp1",0.244236085159607,0,0,0,0,0,0,0,0,0,0,0,0,0,0,0,0,0,0,0,0,0,0,0,0,0,0,0,0,0,0,0,0,0,0,0,0,0,0,0,0,0,0,0,0,0,0,0,0,0,0,0,0,0,0
"Npw",0.244236085159607,0,0,0,0,0,0,0,0,0,0,0,0,0,0,0,0,0,0,0,0,0,0,0,0,0,0,0,0,0,0,0,0,0,0,0,0,0,0,0,0,0,0,0,0,0,0,0,0,0,0,0,0,0,0
"Vegfc",0,0,0,0,0,0,0,0,0,0,0,0,0,0,0,0,0,0,0,0,0,0,0,0,0,0,0,0,0,0,0,0,0,0,0,0,0,0,0,0,0,0,0,0,0,1.2481909932116,0,0,0,0,0,0,0,0,0
"Sema3f",0,0,0,0,0,0,0,0,0,0,0,0,0,0,0,0,0,0,0,0,0,0,0,0,0,0,0,0,0,0,0,0,0,0,0,0,0,0,0,0,0,0,0,0,0,0.803461227018396,0,0,0,0,0,0,0,0,0
"Sema3c",0,0,0,0,0,0,0,0,0,0,0,0,0,0,0,0,0,0,0,0,0,0,0,0,0,0,0,0,0,0,0,0,0,0,0,0,0,0,0,0,0,0,0,0,0,0.425116089592214,0,0,0,0,0,0,0,0,0
"Pgf",0,0,0,0,0,0,0,0,0,0,0,0,0,0,0,0,0,0,0,0,0,0,0,0,0,0,0,0,0,0,0,0,0,0,0,0,0,0,0,0,0,0,0,0,0,0.841828002371052,0,0,0,0,0,0,0,0,0
"Sema3b",0,0,0,0,0,0,0,0,0,0,0,0,0,0,0,0,0,0,0,0,0,0,0,0,0,0,0,0,0,0,0,0,0,0,0,0,0,0,0,0,0,0,0,0,0,0.686878048723836,0,0,0,0,0,0,0,0,0
"Rtn4",0,0,0,0.201713625054188,0,0,0,0,0,0,0,0,0,0,0,0,0,0,0,0,0,0,0,0,0,0,0,0,0,0,0,0,0,0,0,0,0,0,0,0,0,0,0,0,0,0,0,0,0,0,0.0475842845069164,0,0,0,0
"Cdh5",0,0,0,0.0178544459598621,0,0,0,0,0,0,0,0,0,0,0,0,0,0,0,0,0,0,0,0,0,0,0,0,0,0,0,0,0,0,0,0,0,0,0,0,0,0,0,0,0,0,0,0,0,0.111717301472958,0,0,0,0,0
"Efna1",0,0,0,0.71841881023812,0,0,0,0,0,0,0,0,0,0,0,0,0,0,0,0,0,0,0,0,0,0,0,0,0,0,0,0,0,0,0,0,0,0,0,0,0,0,0,0,0,0,0,0,0,0,0,0,0,0,0
"Efnb1",0,0,0,0.369872366399001,0.214074746172714,0,0,0,0,0,0,0,0,0,0,0,0,0,0,0,0,0,0,0,0,0,0.176858547600236,0,0,0,0,0,0,0,0,0,0,0,0,0,0,0,0,0,0,0,0,0,0,0,0,0,0,0,0
"Efnb2",0,0,0,0.285853767366032,0.214074746172714,0,0,0,0,0,0,0,0,0,0,0,0,0,0,0,0,0,0,0,0,0,0.25153465587347,0,0,0,0,0,0,0,0,0,0,0,0,0,0,0,0,0,0,0,0,0,0,0,0,0,0,0,0
"Hgf",0,0,0,0,0,0,0,0,0,0,0,0,0,0,0,0,0,0,0,0,0,0,0,0,0,0,0.101073242149577,0,0,0,0,0,0,0,0,0,0,0,0,0,0,0,0,0,0,0,0,0,0,0,0,0,0,0,0
"Trf",0,0,0,0,0,0,0,0,0,0,0,0.222019441439261,0,0,0,0,0,0,0,0,0,0,0,0,0,0,0.181684131596002,0,0,0,0,0,0,0,0,0,0,0,0,0,0,0,0,0,0,0,0,0,0,0,0,0,0,0,0
"Wnt4",0,0,0,0,0.402563505817286,0,0,0,0,0,0,0,0,0,0,0,0,0,0,0,0,0,0,0,0,0,0,0,0,0,0,0,0,0,0,0,0,0,0,0,0,0,0,0,0,0,0,0,0,0,0,0,0,0,0
"Dkk2",0,0,0,0,0.680133761700708,0,0,0,0,0,0,0,0,0,0,0,0,0,0,0,0,0,0,0,0,0,0,0,0,0,0,0,0,0,0,0,0,0,0,0,0,0,0,0,0,0,0,0,0,0,0,0,0,0,0
"Rspo1",0,0,0,0,0.423815070127719,0,0,0,0,0,0,0,0,0,0,0,0,0,0,0,0,0,0,0,0,0,0,0,0,0,0,0,0,0,0,0,0,0,0,0,0,0,0,0,0,0,0,0,0,0,0,0,0,0,0
"Manf",0,0,0,0,0,0.0990476325538896,0,0,0,0,0,0,0,0,0,0,0,0,0,0,0,0,0,0,0,0,0,0,0,0,0,0,0,0,0,0,0,0,0,0,0,0,0,0,0,0,0,0,0,0,0,0,0,0,0
"Nenf",0,0,0,0,0,0.0990476325538896,0,0,0,0,0,0,0,0,0,0,0,0,0,0,0,0,0,0,0,0,0,0,0,0,0,0,0,0,0,0,0,0,0,0,0,0,0,0,0,0,0,0,0,0,0,0,0,0,0
"Wnt5a",0,0,0,0,0.672360309003936,0,0,0.310345610183259,0.294809293858049,0,0,0.222019441439261,0,0,0,0,0,0,0,0,0,0,0,0,0,0,0,0,0,0,0,0,0,0,0,0,0,0,0,0,0,0,0,0,0,0,0,0,0,0,0,0,0,0,0
"Jag2",0,0,0,0.201713625054188,0.214074746172714,0.0990476325538896,0,0,0,0,0,0,0,0,0,0,0,0,0,0,0,0,0,0,0,0,0,0,0,0,0,0,0,0,0,0,0,0,0,0,0,0,0.136405412329659,0,0,0,0,0,0,0,0,0,0,0,0
"Dsg2",0,0,0,0.189948921102677,0.201589094737219,0.160410266983492,0.287513126392901,0.433876024535178,0,0,0,0,0,0,0,0,0,0,0,0,0,0,0,0,0,0,0,0,0,0,0,0,0,0,0,0,0,0,0,0,0,0,0,0,0,0,0,0,0,0,0,0,0,0,0
"Pcdh7",0,0,0,0.189948921102677,0.201589094737219,0.160410266983492,0.287513126392901,0.433876024535178,0,0,0,0,0,0,0,0,0,0,0,0,0,0,0,0,0,0,0,0,0,0,0,0,0,0,0,0,0,0,0,0,0,0,0,0,0,0,0,0,0,0,0,0,0,0,0
"Inhbb",0,0,0,0,0,0,0,0,0,0,0,0,0,0,0,0,0,0,0,0,0,0.601323788632673,0,0,0,0,0,0,0,0,0,0,0,0,0,0,0,0,0,0,0,0,0,0,0,0,0,0,0,0,0,0,0,0,0
"Bmp6",0,0,0,0,0,0,0,0,0,0,0,0,0,0,0,0,0,0,0,0,0,0.036264940488891,0.0306763833004731,0,0,0,0,0,0,0,0,0,0,0,0,0,0,0,0,0,0,0,0,0,0,0,0,0,0,0,0,0,0,0,0
"Bmp5",0,0,0,0,0,0,0,0,0,0,0,0,0,0,0,0,0,0,0,0,0,0.0838079424979192,0.0708928384558558,0,0,0,0,0,0,0,0,0,0,0,0,0,0,0,0,0,0,0,0,0,0,0,0,0,0,0,0,0,0,0,0
"Bmp3",0,0,0,0,0,0,0,0,0,0,0,0,0,0,0,0,0,0,0,0,0,0.259382657996661,0.0708928384558558,0,0,0,0,0,0,0,0,0,0,0,0,0,0,0,0,0,0,0,0,0,0,0,0,0,0,0,0,0,0,0,0
"Bmp4",0,0,0,0,0,0,0,0,0,0,0,0,0,0,0,0,0,0,0,0,0,0.259382657996661,0.780621090790136,0,0,0,0,0,0,0,0,0,0,0,0,0,0,0,0,0,0,0,0,0,0,0,0,0,0,0,0,0,0,0,0
"Itgb7",0,0,0,0,0,0,0,0,0,0,0,0,0,0,0,0,0,0.115631332489491,0,0,0.431744857793497,0,0,0,0,0,0,0,0,0,0,0,0,0,0,0,0,0,0,0,0,0,0,0,0,0,0,0,0,0,0,0,0,0,0
"Plxnb2",0,0,0,0,0,0,0,0,0,0,0,0,0,0,0,0,0,0.269566393069036,0,0,0,0,0,0,0,0,0,0,0,0,0,0,0,0,0,0,0,0,0,0,0,0,0,0,0,0,0,0,0,0,0,0,0,0,0
"Itgb2",0,0,0,0,0,0,0,0,0,0,0,0,0,0,0,0,0,0.115631332489491,0,0,0,0,0,0,0,0,0,0,0,0,0,0,0,0,0,0,0,0,0,0,0,0,0,0,0,0,0,0,0,0,0,0,0,0,0
"Ntn1",0,0,0,0,0,0,0,0,0,0,0,0,0,0,0,0,0,0.223850044201726,0,0,0,0,0,0,0,0,0,0,0,0,0,0,0,0,0,0,0,0,0,0,0,0,0,0,0,0,0,0,0,0,0,0,0,0,0
"Gpi1",0,0,0,0,0,0,0,0,0,0,0,0,0,0,0,0,0,0,0,0,0,0,0,0,0,0,0,0,0,0,0,0,0,0,0,0.0770377406098921,0.0831994139349206,0,0,0,0,0,0,0,0,0,0,0,0,0,0,0,0,0,0
"Robo2",0,0,0,0,0,0,0,0,0,0,0,0,0,0,0,0,0,0,0,0,0,0,0,0,0,0,0,0,0,0,0,0,0,0,0,0.127577296390931,0,0,0,0,0,0,0,0,0,0,0,0,0,0,0,0,0,0,0
"Cdh4",0,0,0,0,0,0,0,0,0,0,0,0,0,0,0,0,0,0,0,0,0,0,0,0,0,0,0,0,0,0,0,0,0,0,0,0.127577296390931,0,0,0,0,0,0,0,0,0,0,0,0,0,0,0,0,0,0,0
"Nptn",0,0,0,0,0,0,0,0,0,0,0,0,0,0,0,0,0,0,0,0,0,0,0,0,0,0,0,0,0,0,0,0,0,0,0,0.127577296390931,0,0,0,0,0,0,0,0,0,0,0,0,0,0,0,0,0,0,0
"Fgf2",0,0,0,0,0,0,0,0,0,0,0,0,0,0,0,0,0,0,0,0,0,0,0,0,0,0.306495006314527,0.470096634040453,0.638410627571351,0.321994839521182,0,0,0,0,0,0,0,0,0,0,0,0,0,0,0,0,0,0,0,0,0,0,0,0,0,0
"Apoe",0,0,0,0,0,0,0,0,0,0.585898822136642,0,0,0,0,0,0,0,0,0,0,0,0,0,0,0,0,0.334351111240988,0.275715556681802,0.210881047368993,0,0,0,0,0,0,0,0,0,0,0,0,0,0,0,0,0,0,0,0,0,0,0,0,0,0
"Mdk",0,0,0,0,0,0,0,0,0,0.10960023775516,0,0,0,0,0,0,0,0,0,0,0,0,0,0,0,0,0,0.13525686895266,0.084402097180901,0,0,0,0,0,0,0,0,0,0,0,0,0,0,0,0,0,0,0,0,0,0,0,0,0,0
"Fgf1",0,0,0,0,0,0,0,0,0,0,0,0,0,0,0,0,0,0,0,0,0,0,0,0,0.48822138931653,0,0.395168664691792,0,0.240017618338431,0,0,0,0,0,0,0,0,0,0,0,0,0,0,0,0,0,0,0,0,0,0,0,0,0,0
"Pecam1",0,0,0,0,0,0,0,0,0,0,0,0,0,0,0,0,0,0,0,0,0,0,0,0,0,0,0,0,0.178098082222914,0,0,0,0,0,0,0,0,0,0,0,0,0,0,0,0,0,0,0,0,0,0,0,0,0,0
"Il33",0,0,0,0,0,0,0,0,0,0,0,0,0,0,0,0,0,0,0,0,0,0,0,0,0,0,0,0,0,0,0,0,0,0,0,0,0,0,0,0,0,0,0,0,0,0,0,0,0,0,0,0.124039422162873,0,0,0
"Il1b",0,0,0,0,0,0,0,0,0,0,0,0,0,0,0,0,0,0,0,0,0,0,0,0,0,0,0,0,0,0,0,0,0,0,0,0,0,0,0,0,0,0,0,0,0,0,0,0,0,0,0,0.883251082113159,0,0,0
"Il1rn",0,0,0,0,0,0,0,0,0,0,0,0,0,0,0,0,0,0,0,0,0,0,0,0,0,0,0,0,0,0,0,0,0,0,0,0,0,0,0,0,0,0,0,0,0,0,0,0,0,0,0,0.473459395730676,0,0,0
"Vegfa",0,0,0,0,0,0,0,0,0,0,0,0,0,0,0,0,0,0,0,0,0,0,0,0,0,0,0,0,0,0,0,0,0,0,0,0,0,0,0,0,0,0,0,0,0,0.994003407596781,0,0.461657586137444,0,0,0,0,0,0,0
"Ptprc",0,0,0,0,0,0,0,0,0,0,0,0,0,0,0,0,0,0,0,0,0,0,0,0,0,0,0,0,0,0,0,0,0,0,0,0,0,0,0,0,0,0,0,0,0,0,0.43983165924204,0.0219306536377201,0,0,0,0,0,0,0
"Pdgfa",0,0,0,0,0,0,0,0,0,0,0,0,0,0,0,0,0,0,0,0,0,0,0,0,0,0,0,0,0,0,0,0,0,0,0,0,0,0,0,0,0,0,0,0,0,0,0,0.356498647574639,0,0,0,0,0,0,0
"Pdgfb",0,0,0,0,0,0,0,0,0,0.10960023775516,0,0,0,0,0,0,0,0,0,0,0,0,0,0,0,0,0,0,0,0,0,0,0,0,0,0,0,0,0,0,0,0,0,0,0,0,0,0.731185864316905,0,0,0,0,0,0,0
"Tgfb3",0,0,0,0,0,0,0,0,0,0,0,0,0,0,0,0.206282774030582,0,0,0.208004759611892,0,0,0,0,0.0510099975313336,0.0488740954378469,0,0,0,0.303450384357818,0,0,0,0,0,0,0,0,0,0,0,0,0,0,0,0,0,0,0,0,0.556736512164169,0,0,0,0,0
"Inhba",0,0,0,0,0,0,0,0,0,0,0,0,0,0,0,0,0,0,0,0,0,0.699611373669873,0,0.0510099975313336,0.221974098730404,0,0,0,0,0,0,0,0,0,0,0,0,0,0,0,0,0,0,0,0,0,0,0,0,0,0,0,0,0,0
"Tgfb2",0,0,0,0,0,0,0,0,0,0,0,0,0,0,0,0,0,0,0,0,0,0,0,0.0510099975313336,0.851029970167089,0,0,0,0,0,0,0,0,0,0,0,0,0,0,0,0,0,0,0,0,0,0,0,0,0.660688731698517,0,0,0,0,0
"Lgals3",0,0,0,0,0,0,0,0,0,0,0,0,0,0,0,0.389762463748047,0,0,0,0,0,0,0,0,0,0,0,0,0,0,0,0,0,0,0,0,0,0,0,0,0,0,0,0,0,0,0,0,0.547610032751441,0.122725096059797,0,0,0,0,0
"F11r",0,0,0,0,0,0,0,0,0,0,0,0,0,0,0,0,0,0,0,0,0,0,0,0,0,0,0,0,0,0,0,0,0,0,0,0,0,0,0,0,0,0,0,0,0,0,0,0,0,0.148904140717913,0,0,0,0,0
"Pik3cb",0,0,0,0,0,0,0,0,0,0,0,0,0,0,0,0,0,0,0,0,0,0,0,0,0,0,0,0,0,0,0,0,0,0,0,0,0,0,0,0,0,0,0,0,0,0,0,0.123384427692326,0,0.260441779516884,0,0,0,0,0
"Anxa1",0.244236085159607,0,0,0,0,0,0.305320581126258,0,0,0,0,0,0,0,0,0,0,0,0,0,0,0,0,0,0,0,0,0,0,0,0,0.236673256810363,0.247914621699294,0,0,0,0,0,0,0,0,0,0,0,0,0,0,0,0,0,0,0,0,0,0
"Edn1",0,0,0,0,0,0,0,0,0,0,0,0,0,0,0,0,0,0,0,0,0,0,0,0,0,0,0,0,0,0,0,0.558372303083979,0.141681218869175,0,0,0,0,0,0,0,0,0,0,0,0,0,0,0,0,0,0,0,0,0,0
"Nts",0,0,0,0,0,0,0,0,0,0,0,0,0,0,0,0,0,0,0,0,0,0,0,0,0,0,0,0,0,0,0,0.236673256810363,0.247914621699294,0,0,0,0,0,0,0,0,0,0,0,0,0,0,0,0,0,0,0,0,0,0
"Col5a3",0,0,0,0,0,0,0,0,0,0,0,0,0,0,0,0,0,0,0,0,0,0,0,0,0,0,0,0.0297807589246952,0,0,0,0,0,0,0,0,0,0,0,0,0,0,0,0,0,0,0,0,0,0,0,0,0,0,0
"Ptn",0,0,0,0,0,0,0,0,0,0,0,0,0,0,0,0,0,0,0,0,0,0,0,0,0,0,0,0.643863024299541,0,0,0,0,0,0,0,0,0,0,0,0.156101134643496,0,0,0,0,0,0,0,0,0,0,0,0,0,0,0
"Ptprf",0,0,0,0,0,0,0,0.14180455506854,0,0,0,0,0,0,0,0,0,0,0,0,0,0,0,0,0,0,0,0,0,0,0,0,0,0,0,0,0,0,0.12295207530075,0.120180317200094,0,0,0,0,0,0,0,0,0,0.260441779516884,0,0,0,0,0
"Ptprm",0,0,0,0,0,0,0,0,0,0,0,0,0,0,0,0,0,0,0,0,0,0,0,0,0,0,0,0,0,0,0,0,0,0,0,0,0,0,0.404202850108732,0.202074381921627,0,0,0,0,0,0,0,0,0,0,0,0,0,0,0
"Aimp1",0,0,0,0,0,0,0,0,0,0,0,0,0,0,0,0,0,0,0,0,0,0,0,0,0,0,0,0,0,0,0,0,0,0.0842613245102126,0.11057176403559,0,0,0,0,0.0742070699219637,0,0,0,0,0,0,0,0,0,0,0,0,0,0,0
"Igf1",0,0,0,0,0,0,0,0,0,0,0,0,0,0,0,0,0,0,0,0,0,0,0,0,0,0,0,0,0,0,0,0,0,0,0,0,0,0,0,0.223158605958851,0,0.831915644489336,0,0,0,0,0,0,0,0,0,0,0,0,0
"Nampt",0,0,0,0,0,0,0,0,0,0,0,0,0,0,0,0,0,0,0,0,0,0,0,0,0,0,0,0,0,0,0,0,0,0.168603502331089,0,0,0,0,0,0,0,0.422350320898565,0,0,0,0,0,0,0,0,0,0,0,0,0
"Calm1",0,0,0,0,0,0,0,0,0,0,0,0,0,0,0,0,0.162086214185983,0,0,0,0,0,0,0,0,0,0,0,0,0,0,0,0,0,0,0,0,0,0,0,0,0,0,0.359634844152914,0.286159054193741,0,0,0,0,0,0,0,0,0,0
"Arf1",0,0,0,0,0,0,0,0,0,0,0,0,0,0,0,0,0,0,0,0,0,0,0,0,0,0,0,0,0,0,0,0,0,0,0,0,0,0,0,0,0,0,0,0.165787332845869,0,0,0,0,0,0,0,0,0,0,0
"Calm2",0,0,0,0,0,0,0,0,0,0,0,0,0,0,0,0,0,0,0,0,0,0,0,0,0,0,0,0,0,0,0,0,0,0,0,0,0,0,0,0,0,0,0,0.0458417051574741,0,0,0,0,0,0,0,0,0,0,0
"Copa",0,0,0,0,0,0,0,0,0,0,0,0,0,0,0,0,0,0,0,0,0,0,0,0,0,0,0,0,0,0,0,0,0,0,0,0,0.0831994139349206,0,0,0,0,0,0.237261166904442,0,0,0,0,0.137835038374445,0,0,0,0,0,0,0
"Pkd1",0,0,0,0,0,0,0,0,0,0,0,0,0,0,0,0,0,0,0,0,0,0,0,0,0,0,0,0,0,0,0,0,0,0,0,0,0.137781251203572,0.904228089071809,0,0,0,0,0,0,0,0,0,0,0,0,0,0,0,0,0
"Itgb1",0,0,0,0.152452050084342,0,0,0,0,0,0,0.37047288854909,0.114002546814698,0.254889308469711,0.031902423637437,0.0191046837392178,0,0,0.115631332489491,0,0.0242793729773577,0.129840183075448,0,0,0.805847413407606,0,0,0,0,0,0,0,0,0,0,0,0,0,0,0,0.277758086884465,0,0.346889627892154,0.122558943309606,0,0,0,0,0.123843448479777,0,0,0,0,0,0,0
"App",0.244236085159607,0,0,0.246813513631128,0,0,0,0,0,0.511968726300922,0,0,0,0,0,0,0,0,0,0,0,0,0,0,0,0,0,0,0,0,0,0.13525686895266,0.141681218869175,0,0,0,0,0,0,0,0,0.384483165441688,0.136405412329659,0,0,0,0,0,0,0.441123409872093,0,0,0,0,0
"Calr",0,0,0,0,0,0,0,0,0,0.510877418586597,0,0,0,0,0,0,0,0,0,0,0,0,0,0,0,0,0,0,0,0,0,0,0,0,0,0,0,0,0,0,0,0,0.237261166904442,0.18456192444073,0,0,0,0,0,0,0,0,0,0,0
"Cdh1",0,0,0,0,0.306471879579081,0,0.230756591247301,0,0,0,0,0,0,0,0,0,0,0,0,0,0,0,0,0,0,0,0,0,0,0,0,0,0,0,0,0,0,0,0,0.22526283440201,0.635170243331014,0,0.021703188734823,0,0,0,0,0,0,0,0,0,0,0,0
"Fgf7",0,0,0,0,0,0,0,0,0,0,0,0,0,0,0,0,0,0,0,0,0,0,0,0,0,0,0,0,0,0,0,0,0,0,0,0,0,0,0,0,0.2911276527612,0,0,0,0,0,0,0,0,0,0,0,0,0,0
"Pcdh1",0,0,0,0,0,0,0,0,0,0,0,0,0,0,0,0,0,0,0,0,0,0,0,0,0,0,0,0,0,0,0,0,0,0,0,0,0,0,0,0,0,0,0,0,0,0,0,0,0,0,0,0,0.224430445841333,0,0
"Mapt",0,0,0,0,0,0,0,0,0,0,0,0,0,0,0,0,0,0,0,0,0,0,0,0,0,0,0,0,0,0,0,0,0,0,0,0,0,0,0,0,0,0,0,0,0,0,0,0,0,0,0,0,0,0.0193483307384874,0
"Osm",0,0,0,0,0,0,0,0,0,0,0,0,0,0,0,0,0,0,0,0,0,0,0,0,0,0,0,0,0,0.540864262754444,0.759289350533282,0,0,0,0,0,0,0,0,0,0,0,0,0,0,0,0,0,0,0,0,0,0,0,0
