"Ddit4" "Epha2" "Fam129b" "Fkbp5" "Ier2" "Ier3" "Ldha" "Lmna" "Rps2" "Serpine1" "Tubb5" "Aldoa" "Gnl3" "Klf10" "Bcl2l1" "Ablim1" "Ctnnb1" "Fas" "Fli1" "Flot1" "Nos3" "Ntn1" "Socs3" "Synpo" "Tagln2" "Ier5" "Vasp" "Cd34" "Cd38" "Pdgfb" "Snn" "Timp3" "Vegfc" "Tgfbr2" "Eef1a1" "Pkm" "Gadd45g" "Dusp6" "Tnfrsf1a" "Jag2" "Mafk" "Sema7a" "Pcbp1" "Anxa2" "Cxcl12" "Hif1a" "Mal" "Ntrk2" "Plaur" "Sox17" "Upp1" "Vwf" "Sparc" "Sparcl1" "Adam15" "Adamts1" "Emp1" "Col4a1"
"Plxnb2" 0.000975973995692092 0.00097441464812252 0 0 0 0.000954585277935469 0 0.000934227750594175 0 0.000949485734982681 0 0 0 0 0.000960027488408449 0 0 0 0 0 0 0 0 0 0 0 0 0 0 0 0 0 0 0 0 0 0 0 0 0 0 0 0 0 0 0 0 0 0 0 0 0 0 0 0 0 0 0
"Hsp90b1" 0.00136208751589568 0.00135711676585622 0.00115954662698992 0.00103880123903485 0.00113692050648569 0.00130242720611765 0.000955890197114811 0.0014027538453947 0 0.00130911013160399 0.00114342587055323 0.000962421586175072 0 0 0.00123738290080051 0.000938211783357162 0.00101264340868138 0.000939606783456098 0.00107760581110682 0.00103226346806956 0.0010943903618692 0 0.00103035574991068 0.00102335367275501 0.00100263571152322 0.00115432461865545 0.00101228129644453 0 0 0.000934823508606269 0 0 0 0.00105006816746014 0.000973947235240797 0 0.000942347136439981 0.000952553891440077 0.000992660571054408 0 0.000930143890677051 0 0.00094350925510326 0.00101860887092496 0 0.000934134359826411 0 0 0 0 0 0 0 0 0 0 0 0
"Itgam" 0.0012890493648742 0.00127118773598424 0.00112493920512581 0.00101583288835441 0.0010813791215981 0.00128710215959032 0 0.00125403050002514 0 0.00129361657925824 0.00104286075015005 0.000956810510215479 0 0.000925805704443288 0.00137713515200171 0.000906543016606501 0.00108992945949677 0.000989583014928849 0.0010536168172409 0.00103800763564107 0.00118937329703565 0 0.00112798956222543 0.00121011541602748 0.000970900777017894 0.00105046403627376 0.00103944425349614 0 0 0.00102706009864805 0 0 0 0.00104359627468903 0 0 0.00100430731014693 0.000982909355110675 0.00101876574012982 0 0 0 0 0.000927434730309721 0 0.000907530818519893 0 0 0 0 0 0 0 0 0 0 0 0
"Hgf" 0.0015963198371996 0.00154025643471059 0.0011761597474745 0.00120418944173977 0.00133386784184945 0.00152173838182139 0.0010717228319416 0.00156171840435493 0.000978394466227712 0.0015821303266869 0.00135900416273018 0.0012275773965861 0 0.00105680889019465 0.00159802953429607 0.00107197907052121 0.00237662629194184 0.00235802665943484 0.00115635981963199 0.00130354576450227 0.00276596438538609 0.000954951776027629 0.00250252372810684 0.00130070209824309 0.00110408446567662 0.00112380750822326 0.00121137899972975 0 0 0.0012239308557573 0 0.000970883803671219 0 0.0011849020272467 0.0011012674913601 0.000957726421270054 0.00115056805644858 0.00116275496431329 0.00112516707921352 0 0.000978446913014629 0 0.00105381272702055 0.00104419906993295 0 0.00117093206118782 0 0.002114527158599 0.00227918033860962 0 0 0 0 0 0.000922032181400619 0 0.000975109451865516 0.00466413216211115
"Vegfd" 0.00138481859500287 0.0013133845591336 0.00102986078105812 0.00107361322638668 0.001194075135584 0.00158322425384147 0.000995386771002785 0.0013085977446279 0 0.00150030888017588 0.00103689483084106 0.00110039059966099 0 0 0.00139800473406082 0.000951890555706213 0.00107668184623521 0.000918357115306453 0.00091326050190531 0.00114761218649177 0.0011504533170673 0 0.0012461150561939 0.00111905846123063 0.00101548255936024 0 0.000978434388510791 0 0 0.00133314020793532 0 0 0 0.00107735135971933 0 0 0.000908591191129813 0.00102418823131028 0.000990308032944089 0 0.000976745444657291 0 0.000972062413742657 0.00102925656855587 0 0.00111276762829078 0 0 0 0 0 0 0 0 0 0 0.000930501293492915 0
"Efnb2" 0.000942353228787594 0.000975894122188843 0 0 0 0.000957075983192659 0 0.000937242147365439 0 0.00090453479081384 0 0 0 0 0.000941742996016853 0 0 0 0 0 0 0 0 0 0 0 0 0 0 0 0 0 0 0 0 0 0 0 0 0 0 0 0 0 0 0 0 0 0 0 0 0 0 0 0 0 0 0
"Clstn1" 0.00124395743887458 0.00141183161827323 0.00136616058952811 0.00107081734820287 0.00130050040834918 0.00117507818316726 0.0010049509503756 0.0014228062489851 0.000921226583459839 0.00122724039681923 0.00122918313304998 0.00135801330460303 0 0.000960412118522062 0.00126158582676841 0.00103530781628914 0.00105113074850829 0 0.000921719017049367 0.00092316342564241 0.00145188744285425 0 0.000986183620043355 0.0010900874965976 0.00103090400099223 0.000987523123264554 0.00104114906020053 0 0 0.00112179189431427 0 0 0 0.000986390319506933 0.000970845845243507 0 0 0.000984321884850401 0.00103163126678737 0 0.0010772320981801 0 0.00103917281656775 0.000934875692806271 0 0.000924816942942694 0 0 0 0 0 0 0 0 0 0 0 0.000903995315625489
"C3" 0.0011054895450197 0.00102640505689363 0 0 0 0.00110182053095711 0 0.00105378824076884 0 0.00111300782215802 0 0 0 0 0.00108854353432171 0 0 0 0 0 0.000932600111695145 0 0 0.000914584924465373 0 0 0 0 0 0 0 0 0 0 0 0 0 0 0 0 0 0 0 0 0 0 0 0 0 0 0 0 0 0 0 0 0 0
"Lamb1" 0.00135234171579583 0.0012674145821684 0.000996888030073611 0.00100818756366548 0.00119811565814098 0.00133311729502355 0 0.0011782374016629 0 0.00117619661952761 0.00110893909376765 0.000953121037499374 0 0 0.00114399727592605 0 0.00100817184762769 0 0.000942493761402226 0.00122282933119129 0.00126651058233633 0 0.00105229548019358 0.000937452959544619 0.000903916508357487 0.000990516144396443 0.000999986162413329 0 0 0.000915611080004505 0 0 0 0.000903197658058106 0 0.000939222398681405 0.000981979872837374 0.00100778688716927 0.000908310401375501 0.000915375622218545 0 0 0 0.000906475047891872 0 0 0 0 0 0 0 0 0 0 0 0 0.000938787457833429 0
"Fat1" 0.00115003709082034 0.00124298231956044 0.000996545609970272 0.00103583825618783 0.00105661133268095 0.00115866376838423 0 0.00123195237070109 0 0.00108621179795433 0.000982379947621666 0 0 0.000936392260682243 0.00105999178576918 0 0.00100882302419451 0 0.00111163579508593 0.000910849698678955 0.00103257190839016 0.000923084310046565 0.000940483791439137 0 0 0.00106691451607504 0.000994689334727791 0 0 0.000909671469474426 0 0 0 0.00107167405577136 0 0 0.00102443751991232 0 0 0 0 0 0 0.000911250746852906 0 0 0 0 0 0.00112981208879579 0 0 0 0 0 0 0 0
"Nenf" 0 0.000929954494829208 0 0 0 0.000905373508468003 0 0.000905511112146815 0 0 0 0 0 0 0 0 0 0 0 0 0 0 0 0 0 0 0 0 0 0 0 0 0 0 0 0 0 0 0 0 0 0 0 0 0 0 0 0 0 0 0 0 0 0 0 0 0 0
"Itga4" 0.00094454277221798 0.000985923189085434 0 0 0 0.000987407534430331 0 0.000955221832747007 0 0.000972367212919405 0 0 0 0 0 0 0 0 0 0 0 0 0 0 0 0 0 0 0 0 0 0 0 0 0 0 0 0 0 0 0 0 0 0 0 0 0 0 0 0 0 0 0 0 0 0 0 0
"Dusp18" 0.0013415177122274 0.00145763195560894 0.00109250155861778 0.00102949045264347 0.00152242137544252 0.00160624002126808 0 0.00135759360487114 0.000950026260456814 0.00138480460269428 0.00112442306928093 0.00117987341067274 0.00101934729551141 0 0.0017100271428841 0.00103432645233739 0.00111622892327765 0.00132966941999058 0.00115517603272862 0.00131973444076525 0.00117063326365588 0 0.0013380680088355 0.00111087731962887 0.00099636056290712 0.00126666702298614 0.00122922874839264 0 0 0.00124444094785755 0 0 0 0.00115540147152484 0.000969334981621454 0.000935389529529863 0.00106997580095416 0.00108686251198182 0.00101200433015837 0 0.000924265162921707 0 0.00110777176352022 0.00103512003800386 0 0.00122080792418593 0 0 0 0 0 0 0 0 0 0 0 0
"Il1b" 0.00198793173317504 0.00187206197251635 0.00151908690638467 0.00147210059049608 0.00168409283124277 0.00193742800508225 0.00125830803449759 0.00185961464387552 0.00112938496458181 0.00582539956101891 0.00158594809031943 0.00144601901035561 0.000996292091328175 0.001280403841059 0.00574291384899857 0.00138599495325945 0.00535254945616374 0.00258825405817564 0.00153065030577391 0.00167759745533054 0.00310340599199174 0.00122277554874208 0.00585863121138335 0.0016238894128799 0.00135759262380025 0.00146733127762813 0.00156550817193479 0 0.000999133429601048 0.00150676698874385 0 0.00642038480425871 0.00650429901120388 0.00482781127689751 0.00130349768813734 0.00122595836165268 0.00152348202806054 0.00146855126881699 0.0028408585681371 0.00091349350624289 0.00123569441482193 0.00109253984950799 0.00129885089812738 0.00261117992049089 0.00473051781521624 0.00518861535750679 0 0 0.00102004735818039 0 0.000956340879395406 0.000963554808029678 0.00250634830949764 0 0.00498984755065295 0.00610819585501071 0.00111900767737437 0.000955354552276033
"Trf" 0.00144940946874807 0.00140492239089667 0.0012441649387228 0.001278907113207 0.00132804798835037 0.00153028712903923 0.00104451534945397 0.00150936697037243 0.000952184386883791 0.00155239816224433 0.00128055089710798 0.00121473854490868 0 0.00106488700975502 0.00148182989530103 0.00108839568585696 0.0011145452978771 0.000980009746113315 0.0011496611342795 0.00128357967373958 0.00134917630442088 0.00105937835544601 0.00118732573087166 0.00124912553627246 0.00122380914411356 0.0012265141725706 0.00125281425836679 0 0 0.00110712120502814 0 0 0 0.00118263728973649 0.00113651950972246 0.00101393142521181 0.00110775910678111 0.00119734107639188 0.00115099727155137 0 0.00102552911499732 0 0.00107263040395539 0.00113206805440037 0 0.00379232108141822 0 0 0 0 0 0 0 0 0 0 0.00105355869695867 0
"Igf1" 0.0028395028151749 0.00158693845137238 0.00125566994572014 0.00131762217363399 0.00145271030059026 0.00169908400695433 0.00107459727549911 0.00155503869696097 0.000997403443057027 0.00461330400646004 0.00141273719662633 0.0012821579606429 0 0.0011191071484932 0.00261760884223138 0.00115024799280441 0.00131773765326457 0.00109617296933589 0.00113521099695173 0.0013830875334433 0.00142361585626947 0.00111864924579912 0.00133940300151342 0.00132429090100908 0.00115418086721123 0.00121743009556164 0.00125469747305283 0 0 0.00127172472431874 0 0.000933627311777825 0.00246502725097955 0.00463305010200444 0.00441346747794287 0.000994984646446031 0.00124112894160645 0.00132755067004603 0.00121099207649208 0.00485457046979309 0.00110864233818253 0 0.00429905240014661 0.00117120110751367 0.000963783060790711 0.00503213568610677 0 0.00224134022859501 0.00221700531105268 0 0.00406692559201366 0.00537238923404355 0 0.00618964943592142 0.000941021546129593 0 0.000986582916454838 0
"Fgf1" 0.00142549440057687 0.00141576775432903 0.00112075831308228 0.00104485865072889 0.00117405906567441 0.00146725544984714 0 0.00127898498401072 0 0.00240747099328217 0.00116920393796588 0.00100498937628302 0 0 0.00143074188544829 0.00103310889300203 0.00104936503783929 0.000998834801891353 0.00103759860634921 0.00113540887855102 0.00120262870973659 0 0.001193556247153 0.00118225078281073 0.00106187338909939 0.0010702346143253 0.00108460354547928 0 0 0.000929134924869171 0 0 0 0.00111838813338809 0.000918883625024835 0 0.000960511404254664 0.00109495261025366 0.00101269287208169 0 0.000950889729115166 0 0.000951997346203683 0.00100980569051848 0 0.000973471576076741 0 0 0.00213267808733036 0 0 0 0.00224052357432998 0 0 0 0 0
"Ptprf" 0.00130075708066729 0.0013148531907902 0.00112010282211907 0.00113944885736706 0.00120224437976645 0.00140569912016991 0 0.00125201437082661 0.000910036044056982 0.00122533242559474 0.00111232546847081 0.000975448429615 0 0.000971069508737886 0.00130804193786653 0.000983779773087196 0.00102741222866503 0.000973342691797199 0.00094306571240567 0.00119500309381047 0.00107150177738133 0 0.00106147883327957 0.0011283799829617 0.000972972176070199 0.000975486330277919 0.000983139824935452 0 0 0.00107694256988255 0 0 0 0.00108470610483264 0.000976782418328564 0 0.000961794514337891 0.00100395668690283 0 0 0.001003452078039 0 0.00100039101604315 0.000948709081796685 0 0.00104683960479203 0 0 0 0 0 0 0 0 0 0 0 0
"Copa" 0 0.000908324666694299 0 0 0 0.000949178423003988 0 0.000916143079784097 0 0 0 0 0 0 0 0 0 0 0 0 0 0 0 0 0 0 0 0 0 0 0 0 0 0 0 0 0 0 0 0 0 0 0 0 0 0 0 0 0 0 0 0 0 0 0 0 0 0
"Fgf2" 0.00171402362206595 0.00158488236944593 0.00129258483736188 0.00132397506182081 0.00147747778414523 0.00175304959895765 0.00110235189829532 0.00169109559965225 0.000989281511075052 0.00561307382358825 0.00145246228974306 0.00123526067489422 0 0.00108051758178908 0.00268257746042941 0.00120121931830251 0.00130585989494037 0.00125429501678053 0.00127412011136464 0.00140039492187465 0.00288342824117119 0.00104074384429448 0.00148323621566164 0.0014643995320808 0.00124360771361438 0.00134645097729705 0.00131994407984827 0 0 0.00126328034201917 0 0.000968667823336678 0.000929722686080069 0.00145358461488991 0.00113297713197124 0.00107908739915419 0.00123140884550477 0.00132063105351558 0.0012808240111231 0 0.00112074677643005 0 0.0010768416409514 0.00238775461227508 0.00241942277429492 0.00495312976158389 0.00533752414006096 0.00439570412645583 0.00236128514454744 0.00265382436598502 0.00211232064551137 0.00254171414286582 0 0 0.000955626659171701 0 0.00105707560603152 0
"Tnfsf13b" 0.00138164471193754 0.00132550126110563 0.00109948046523274 0.00102640658673709 0.0011698946452227 0.00151866047246203 0 0.00133827636679014 0 0.00136500910715811 0.00116128244547727 0.000945179351793901 0 0 0.00248380239986209 0.000950536635544951 0.00104537408967915 0.00227973621320945 0.001000872535701 0.00114725578863451 0.00119086461978766 0.000915851582922452 0.00117949642551493 0.00128232290913111 0.000955594216723993 0.00109793122244044 0.00105072431696286 0 0 0.00101692739437738 0 0 0 0.00104031419974152 0.000928536639093333 0 0.000929687810032632 0.000962362921747488 0.00105621639748307 0 0 0 0 0.000959615836566029 0 0.000970733788729735 0 0 0 0 0 0 0 0 0 0 0.000950473408317554 0
"Vcam1" 0 0 0 0 0 0.000961610728116267 0 0.000922307739444714 0 0.000916894722695064 0 0 0 0 0 0 0 0 0 0 0 0 0 0 0 0 0 0 0 0 0 0 0 0 0 0 0 0 0 0 0 0 0 0 0 0 0 0 0 0 0 0 0 0 0 0 0 0
"Sema7a" 0 0 0 0 0 0.000905983142676586 0 0 0 0 0 0 0 0 0 0 0 0 0 0 0 0 0 0 0 0 0 0 0 0 0 0 0 0 0 0 0 0 0 0 0 0 0 0 0 0 0 0 0 0 0 0 0 0 0 0 0 0
"Dll4" 0.00211709920737251 0.0018570410621075 0.00174999296331799 0.00164172896359844 0.00190297528671722 0.00195067239704965 0.00125021253953696 0.00202504729814474 0.00141480378805595 0.00192998991652903 0.00218455968345461 0.00139071133775004 0.00106897925733779 0.00160678197827474 0.00187411569373826 0.00117020313408906 0.00159648146047636 0.00158330804946428 0.00132529872120021 0.00151874966681638 0.00172034950391455 0.00129195362119148 0.00185753483398235 0.00163158379889414 0.00154348887308327 0.00165200837089409 0.00169125364199352 0 0 0.00137475117934168 0.000982917791692213 0.00107074247322638 0.00095473399627453 0.00151750778809441 0.00125897370426649 0.0014091315517251 0.00158356148281033 0.00130931478724863 0.00143078965072025 0.00196885881649216 0.00176414022852966 0.00181279464419215 0.00149200920147672 0.00137800726843753 0.00116884399873296 0.00121433108199863 0 0 0 0.00129582187354524 0.00101678522386422 0 0 0 0.00118406709132789 0.000973663024543574 0.00112845541413895 0.00105158767963183
"Hebp1" 0 0 0 0 0 0 0 0 0 0.000903661203384629 0 0 0 0 0 0 0 0 0 0 0 0 0 0 0 0 0 0 0 0 0 0 0 0 0 0 0 0 0 0 0 0 0 0 0 0 0 0 0 0 0 0 0 0 0 0 0 0
"Lgals3" 0.0012137764609276 0.0011609513420231 0.00106300445138318 0.0009295524560023 0.00100429372391983 0.00116760726142911 0 0.00118340757477034 0 0.00117724145813248 0.00100602624988035 0.00095873686814431 0 0 0.00107684042868941 0 0 0 0 0.000937496474569501 0.000975710229476413 0 0.00207635953436987 0.000954830392065143 0.000924255608143483 0.00091042819366725 0.000923284068162 0 0 0.000954599890817911 0 0 0 0.000906892389987984 0 0 0 0.000907379136532212 0.0041169125117841 0 0 0 0 0 0 0 0 0 0 0 0 0 0 0 0 0 0 0
"Efnb1" 0.000973934989669129 0.00105852607093831 0 0 0 0.000995863644069516 0 0.00098216374848115 0 0.000983740965053856 0 0 0 0 0.00102106312097207 0 0 0 0 0 0 0 0.000911752715171104 0 0 0 0 0 0 0 0 0 0 0 0 0 0 0 0 0 0 0 0 0 0 0 0 0 0 0 0 0 0 0 0 0 0 0
"Rps19" 0.00100632289346879 0.00110862868192535 0.000920364956359387 0 0 0.00105870505522464 0 0.00109043188819073 0 0.00100410144491025 0.00098840584894302 0 0 0 0.000993382968941232 0 0 0 0.000946148469937851 0 0.000930692404201321 0 0 0 0 0.000954105839617446 0 0 0 0 0 0 0 0 0 0 0 0 0 0 0 0 0 0 0 0 0 0 0 0 0 0 0 0 0 0 0 0
"Sema3f" 0.000983784773833812 0.000990966314264102 0 0 0.000940506541114143 0.000958418991573124 0 0.00101466416856056 0 0.000978233645032431 0 0 0 0 0.000942804545088929 0 0.00101786762392816 0 0 0 0 0 0 0 0 0 0 0 0 0 0 0 0 0 0 0 0 0 0 0 0 0 0 0 0 0 0 0 0 0 0 0 0 0 0 0 0 0
"Arf1" 0.00091438476347162 0.000984484021470761 0 0 0 0.000916389129718489 0 0.000981688948170969 0 0.000979161565898209 0 0 0 0 0 0 0 0 0 0 0 0 0 0 0 0 0 0 0 0 0 0 0 0 0 0 0 0 0 0 0 0 0 0 0 0 0 0 0 0 0 0 0 0 0 0 0 0
"Adam17" 0.00176024111956494 0.00150218821176013 0.00128666271153234 0.0012549805402332 0.00155018091843072 0.00172829346361237 0.000963793914237198 0.0015406909372773 0.000988773461684712 0.00158197397882198 0.00141663374064695 0.00114981150815589 0 0.00104196458423516 0.00176616475343128 0.00126254795105989 0.00129716753907201 0.00255338428853935 0.00123350944635184 0.00137746827114527 0.00143508973467786 0.00103287932416042 0.00143038606989501 0.00139699201939423 0.00121212877268694 0.0014235664566575 0.00133463353805551 0.0025782194792716 0.00246667142085579 0.00260104276847286 0.00231419826235198 0.00473414026985662 0.00256423244403896 0.0012657835373621 0.0011028960080495 0.00109809810017397 0.00109938512602467 0.00138575848216572 0.00124626000143875 0 0.00115544932119898 0.000923352070730834 0.00103154443443899 0.00114168079867922 0.000955982771700819 0.00119943326858578 0 0 0 0 0 0 0 0 0 0 0.00102240686251414 0
"Clec11a" 0.00123722695327729 0.00124660160806132 0.0011661939074185 0.00126815608354181 0.0013176813618014 0.00147781930784152 0.00107805476991397 0.00138681300680774 0.00105374748698206 0.00125820312686682 0.0011735654756474 0.00108830736977285 0.000944435832115121 0.00106309782419397 0.00132875348082368 0.000948014894355846 0.000988682610326741 0.00103492593033498 0.000983210733474361 0.00110584644851813 0.0013190600622457 0.00106504281632917 0.00116241027846522 0.00122429386716024 0.00105971126096457 0.00118147037383315 0.00118072025871411 0 0 0.00107314930997639 0 0 0 0.000937256244806519 0.0010066851426563 0 0.000952361574599845 0.00101672858148737 0.00103361343050889 0 0.000910499539187399 0 0.000995094521254158 0 0 0.00106967431570786 0 0 0 0 0 0 0 0 0 0 0 0
"Yars" 0.00123224826936406 0.00140205527682894 0.000957120669424094 0.000929597147013273 0.00114624926431142 0.00144648496867395 0 0.00118747027906698 0 0.00130132172395418 0.00112218224299495 0.000941890404822139 0 0 0.00112025741578378 0.00104434672057803 0.00106679201590619 0.00104174017392796 0.00111906751573294 0.0012113256328791 0.00110741517821459 0.00124746467164829 0.00103032214014789 0.00119188367094706 0.00101458346670644 0.00101200316502565 0.000921807886634753 0 0 0.000914123649028942 0 0 0 0.0010141089585502 0 0 0.000932434759514012 0.00097821125443454 0.000907663840536573 0 0 0 0 0.00098000849604127 0 0 0 0 0 0 0 0 0 0 0 0 0.000938190472426571 0
"Robo2" 0.00131021950864432 0.00135805002958235 0.00125949652703835 0.0011646594658469 0.00125249508761111 0.00121521004502873 0.00106867581964187 0.0014102953259556 0.00105965478440654 0.00134977739784957 0.00110637141804311 0.00114840655871845 0.000914859962024201 0.00102522664431162 0.00120584841918164 0.000945640112839685 0.000950002219875221 0 0.000959402644589747 0.000940188462459154 0.00109842924000615 0 0.00109229105963487 0.00098084022342713 0.00107137147561098 0.00106801211317599 0.00101960724016044 0 0 0.00103957821902513 0 0 0 0.000931755697341375 0.00101887847132817 0 0.000975041497454977 0.000991804819138365 0.000979246412260501 0 0.00106170747667207 0 0.00100296546172441 0 0 0.00109471286560268 0 0 0 0 0 0 0 0 0 0 0 0
"Ptdss1" 0.00169164160903666 0.0017700300403654 0.00189733496336293 0.0018502730951429 0.0017323652359749 0.00155848436794855 0.0015100819329221 0.00187909961683272 0.00172007644544528 0.00167718581941541 0.00171843651180771 0.00179587281462346 0.00172155594824628 0.00174397337902247 0.00143830120105134 0.00103171682898022 0.00120705908064571 0.000945206166966144 0.00125928755189506 0.00117695111341336 0.001344820144097 0.00135426072851347 0.00148755016640069 0.0013730370789727 0.00158057572942381 0.00160610008789903 0.00133461543267553 0 0.00114435840697814 0.00165418874010671 0.00121624552712592 0.00109131790849743 0 0.00112711377046703 0.00124953088299517 0.00122751156831175 0.00138643142648833 0.00130251651370435 0.00127634416703008 0.00109661773358453 0.00140069956862612 0.00108178974333674 0.00164233846969797 0.00129373467618256 0.000975646001114118 0.00142098257514852 0 0.00102001217958024 0.000916325743172947 0.00101170900067298 0.000948792673837142 0.000937160052434332 0 0 0.00142641770389965 0.00128833449915092 0.00111789230232733 0.00131975232255967
"Manf" 0.00113424568314177 0.00129178461399483 0.00116964760390352 0.00110624564770368 0.00110621471276461 0.00108260972569971 0.00110041747062286 0.00138374486081799 0.00107664980865046 0.00121877003942938 0.0011251219272539 0.000988155110131294 0.000935696821563687 0.00103394828274971 0.00102970521359546 0 0 0 0.000920565643494366 0 0.00105778158415921 0 0.000913088011359233 0.000945007497420113 0.00104258195196587 0.00102555795182964 0.00101525552951803 0 0 0.00101702299255508 0 0 0 0.00092892370523228 0.000965865081318213 0 0.000950158094957031 0 0.000935940251410519 0 0.00100628254137193 0 0.000967468695201484 0 0 0.000945505401841766 0 0 0 0 0 0 0 0 0 0 0 0
