"Birc5" "Ccnb2" "Cenpa" "Cenpf" "Mki67" "Stmn1" "Tpx2" "Dusp2" "Nos2" "Pfn1" "Snai1" "Tubb5" "Pclaf" "Vim" "Adam12" "Angpt2" "Anxa1" "Gap43" "Hapln1" "Gria2" "Slc38a2" "Ets2" "Sparc" "Vasp" "Mtor" "Plvap" "Loxl2" "Cavin3" "Col18a1" "Ptx3" "Gnas" "Rpl13a" "Mmp14" "Crmp1" "Olfml2a" "Atxn1" "Emid1" "Fhl3" "Slc25a5"
"Flrt3" 0 0 0 0 0 0 0 0 0 0 0 0 0 0 0 0 0 0 0 0 0.00123944037915313 0 0 0 0 0 0 0 0 0 0 0 0 0 0 0 0 0.00106386822041491 0
"Ccl17" 0 0 0 0 0 0.0010822215461956 0 0 0 0 0 0 0 0 0 0 0 0 0 0 0 0 0 0 0 0 0 0 0 0 0 0 0 0 0 0.00111746344359963 0.00117550805735545 0 0
"Ncam1" 0 0 0 0 0 0 0 0 0.00107136497266997 0.00114788993475872 0 0.0011133369303817 0 0.00107987771137543 0 0 0 0 0 0 0.0012196016441543 0 0 0 0 0 0 0 0 0 0.00108422804909905 0 0 0 0 0 0 0 0
"Icam1" 0 0 0 0 0 0 0 0 0.0011167750887279 0.00121038777288525 0 0.00110481861262787 0 0.00105634377404445 0 0 0 0 0 0 0 0.00106972131065016 0 0 0 0 0 0 0 0 0 0 0 0 0 0 0 0 0
"Pkd1" 0 0 0 0 0 0 0 0 0.0011699164998225 0 0 0.00108727824819068 0 0.00107985492370615 0 0 0 0 0 0 0.00114678422747146 0 0 0 0 0 0 0 0 0 0 0 0.00218694057591152 0 0 0 0 0 0
"Itgal" 0 0 0 0 0 0 0 0 0 0.00124126639619662 0 0 0 0 0 0 0 0 0 0 0.00109691226684573 0.00116060942079179 0 0.00434320847272442 0 0 0 0 0 0 0 0 0 0.00480937074729851 0.00482695686546339 0 0 0 0
"Robo1" 0 0 0 0 0 0 0 0 0 0 0 0.00111950407191286 0 0 0 0 0 0 0 0 0 0 0 0 0 0 0 0 0 0 0 0 0 0 0 0 0 0 0
"Ptprf" 0.0011681899966901 0 0 0 0 0 0 0 0 0.00111253696041319 0 0.00111232546847081 0 0 0 0 0 0 0 0 0 0 0 0 0 0 0 0 0 0 0 0 0 0 0 0 0 0 0
"Jam2" 0.00116910550922669 0 0 0 0 0.00130611713027088 0 0.00118540809173123 0 0.00158318504728271 0 0.00118072764983444 0 0.00138702970008691 0 0 0 0 0 0 0.0013480088185365 0.00134018206685375 0 0.00148711759605764 0 0 0 0 0.00137715171747212 0 0.00130113362984204 0.00131652518132135 0 0 0 0.00111597433876343 0 0 0
"Cxcl12" 0 0 0 0 0 0 0 0 0.00110098551726148 0 0 0.00106062466917011 0 0 0 0 0 0 0 0 0 0 0 0 0 0 0 0 0 0 0 0 0.00206926318512956 0 0 0 0 0 0
"Spp1" 0 0 0 0 0 0 0 0 0.00406224123218284 0.00123120779421862 0 0.00133668505344441 0 0.00118931505083177 0 0 0 0 0 0 0.00118446197337596 0.001181409257048 0 0.00127119297061563 0 0 0 0 0.00106892208637945 0 0 0 0 0 0 0 0 0 0
"Dll4" 0.00128216891993074 0 0 0 0 0.00149911857695698 0 0.00170675995511725 0.00134576584540221 0.00137749901709754 0.00126657695499094 0.00218455968345461 0 0.0017665762779185 0.00118719862857477 0 0.00108816787918282 0 0 0 0.0015671544169028 0.00148247209671345 0 0.00169125364199352 0 0 0 0 0.0013602375603735 0 0.00191115248911308 0.00191617452977304 0 0 0 0.00135355259796899 0 0 0
"Wnt5a" 0 0 0 0 0 0 0 0 0.00106238763445 0 0 0 0 0 0 0 0 0 0 0 0 0 0 0 0 0 0 0 0 0.00316856258440963 0 0 0 0 0 0 0 0 0
"Angpt1" 0.00111615867229485 0 0 0 0 0.00111479242784178 0 0 0.00147695592520146 0.00133138887607477 0.00105619914274977 0.00142761467000154 0 0.001263065465476 0 0.00527625865152065 0 0 0 0 0.00130572026146255 0.00128232883793671 0 0.00129768134770069 0 0 0 0 0.0011961783834638 0 0.00127360500745516 0 0 0 0 0.001154253401974 0 0 0
"Bmp5" 0.00109513234644535 0 0 0 0 0.00110631592195846 0 0.00109206309877412 0.0013826506319368 0.00142784217792205 0.00480577020779689 0.00126177239442707 0 0.00148929278169747 0.00114393402661285 0.00127463250152158 0.00156389671826779 0 0 0 0.00142603724105665 0.0015191926161889 0 0.00125468011955065 0 0 0 0.00201806875611834 0.00177474943881919 0.00108051839977484 0.00139222012539679 0.00118867464669184 0 0 0.00106890235857569 0.00161058084561699 0 0 0
"Mapt" 0 0 0 0 0 0 0 0 0.00394615179853462 0.00115317136762415 0 0.00111676570869437 0 0 0 0 0 0 0 0 0.00109863482695999 0.00108022886399914 0 0 0 0 0 0 0 0 0 0 0 0 0 0 0 0 0
"Itgam" 0 0 0 0 0 0 0 0 0.00121250220634509 0 0 0 0 0.00107999660187595 0 0 0 0 0 0 0.00108243088282679 0.0010790143127578 0 0 0 0 0 0 0 0 0 0 0 0 0 0 0 0 0
"Lgals3" 0 0 0 0 0 0 0 0 0.00385956184458201 0 0 0 0 0 0 0 0 0 0 0 0 0 0 0 0 0 0 0 0 0 0 0 0 0 0 0 0 0 0
"Anxa1" 0 0 0 0 0 0 0 0 0.00192461029030215 0 0 0 0 0 0 0 0 0 0 0 0 0 0 0 0 0 0 0 0 0 0 0 0 0 0 0 0 0 0
"Gmfb" 0.00107497739917456 0 0 0 0 0 0 0 0.00149306150554478 0.00132626750936323 0.00107538218942486 0.00142819368202294 0 0.00128875988543163 0 0 0 0 0 0 0.00123576257015488 0.00129826608222681 0 0.00134438463674558 0 0 0 0 0.00118815372716528 0 0.00122241312625556 0.00118846190776604 0 0 0 0.00119094025801655 0 0 0
"Tgfb1" 0.00125783445363594 0 0 0 0 0.0012286902539273 0 0.00125975786207101 0.00558077359457655 0.00149627334430383 0.0046202192485117 0.00163917850063023 0 0.00539500587814721 0.00252770189337727 0.00271611772321231 0.00118939082260272 0 0 0 0.00151669909844441 0.00159058882173765 0.002517570023229 0.00154803841155808 0 0 0.00519585533520799 0 0.00138206816395869 0 0.00129140126221758 0.00128403063122846 0 0 0 0.00132571956173538 0 0 0.00219383794106542
"Hc" 0 0 0 0 0 0 0 0 0 0 0 0 0 0 0 0 0 0 0 0.00227058466228953 0 0 0 0 0 0 0 0 0 0 0 0 0 0 0 0 0 0 0
"Vegfa" 0.00108443499369607 0 0 0 0 0 0 0 0.00251511093560733 0.00129501658638254 0 0.0012936202448339 0.00399988642388475 0.0011883629896787 0 0.00261055615050317 0 0 0 0 0.00126955968058415 0.00120670984509602 0.00237301976242974 0.0012342844390146 0 0.00235132891888908 0 0 0.00114531815109754 0 0 0 0 0 0 0 0 0 0
"Npnt" 0.00113554912007043 0 0 0 0.00119116214026662 0 0 0 0 0 0 0 0 0 0 0 0 0.00191871190751712 0.00178908864707214 0.00208569764979064 0 0 0 0 0 0 0 0 0 0.0014427166951937 0 0 0 0 0 0 0 0 0
"Rtn4" 0 0 0 0 0 0 0 0 0 0 0 0 0 0 0 0 0 0 0 0 0 0 0 0 0.00395729201685543 0 0 0 0 0 0 0 0 0 0 0 0 0 0
"Itgb1" 0.00391044999190605 0 0 0 0 0 0 0 0 0 0 0 0 0 0 0 0 0 0 0 0 0 0 0 0 0 0 0 0 0 0 0 0 0 0 0 0 0 0
"Fgf1" 0 0 0 0 0 0 0 0 0.00415892263786829 0.00106913997913822 0 0.00116920393796588 0 0 0 0 0 0 0 0 0.001118849427796 0.00114705712223725 0.00224052357432998 0.00108460354547928 0 0 0 0 0 0 0 0 0 0 0 0 0 0 0
"Bdnf" 0 0 0 0 0 0 0 0 0.00134072625175411 0.00126105317220516 0 0.00139900486658574 0 0.00123276935318677 0 0 0 0 0 0.00567372685435935 0.00137472249803399 0.00119970450897317 0 0.00131397098431182 0 0 0 0 0.00110464611557105 0 0.00126483326807193 0 0 0 0 0.001157287391326 0 0 0
"Cadm1" 0 0.00444948960037891 0 0 0 0 0 0 0 0 0 0.00108208347150505 0 0 0.00510503061436849 0.00528395152425908 0.00527443339199188 0.00527525383786957 0.00527514241602112 0 0 0 0 0 0 0 0 0 0 0 0.00497279866418111 0 0 0 0 0 0 0 0
"Edn1" 0 0 0 0 0 0 0 0 0.00430248617799543 0.00120159539202971 0 0.00125963308360365 0.00403391952508059 0.00214614830596564 0 0 0 0 0 0 0.00116237229659392 0.00109551047050444 0 0 0 0 0 0 0 0 0 0 0 0 0 0 0 0 0
"Bmp6" 0.00135174711931476 0 0 0 0 0.0014292394393998 0 0.00472500417493031 0.0026027759140782 0.0016013391692554 0.00458005812792028 0.00174843560597405 0 0.00147563397538287 0 0 0.00119664315403787 0 0 0 0.00159082531393082 0.00155084823507869 0 0.00156263321631995 0 0 0 0 0.00143743731204835 0 0.00137551910752773 0.00132174668968536 0 0 0 0.0014238768812156 0 0 0
"Hmgb2" 0.010202676300788 0.0109891121085255 0.00574536709289182 0.00596213518831556 0.0111317874203595 0.0058381650788468 0.00586436358655027 0 0.00110958196269653 0.00134612743585008 0 0.00143231202664415 0 0.0011372062569502 0 0 0 0.00116726804479675 0 0 0.00131285402068671 0.00124155212996921 0 0.00122189800133387 0 0 0 0 0.00109067599585126 0 0.00114296411473628 0.00113741964240719 0 0 0 0.00114489723964834 0 0 0
