"Actb" "Ccnd1" "Cd44" "Clic1" "Col1a2" "Col3a1" "Eln" "Fn1" "Nrcam" "Pfn1" "Runx1" "Sept9" "Serpine1" "Thbs1" "Timp1" "Tnc" "Tubb5" "Vcan" "Adamts4" "Anxa2" "Bax" "Cdk6" "Col1a1" "Ecscr" "Fmod" "Gapdh" "Igf1" "Itgb5" "Mmp2" "P4hb" "Pdgfrb" "Sdc1" "Spp1" "Acta2" "Enc1" "Lama5" "Myh9" "Ncam1" "Pdgfa" "Postn" "Sparc" "Fst" "Grem1" "Adamts12" "Dkk2" "Fbn1" "Isyna1" "Mical2" "Vim" "Tpm1" "Hbegf" "Col8a1" "Inhba" "Itgb1" "Mmp14" "Ranbp1" "Tm4sf1" "Col4a1" "Lgals1" "Fkbp5" "Eno1" "Ldha" "Pcdh7" "Sfrp1" "Tnfrsf12a" "Slc20a1" "Arpc2"
"Dll4" 0.00185625641413516 0.00223973996547248 0.00146886984715631 0.00155279467161122 0.0011644873402714 0.00124343351068 0.00120201100803563 0.00269630698677478 0.00106091409777757 0.00137749901709754 0.00162236827633666 0.0019189909469028 0.00192998991652903 0.00159146843268634 0 0.00126860578117885 0.00218455968345461 0.00131254195034535 0.00109100719564123 0.00137800726843753 0.00169053838331448 0.00173968233718567 0.00151651609004675 0 0.00167450123923628 0.00163330306677098 0.00106604206781899 0 0.00104849368690748 0 0.00124020061613721 0.00158089306824404 0 0.00136356646032595 0.00176882487402128 0.00165436143900435 0.00158627144142742 0.00107292245876402 0 0 0 0.00124523442823916 0 0 0 0 0.00115177800613214 0.0012724262810734 0.0017665762779185 0.00155417871893061 0 0 0 0.00122949670665462 0 0.00159654995659629 0.00134108483075375 0.00105158767963183 0 0.00164172896359844 0.00125695769668558 0.00125021253953696 0.00125198924676116 0.0014105076412637 0.00185610981999254 0.0010997473223928 0
"Plxnb2" 0 0.00121401005760754 0 0 0 0 0 0 0 0 0 0 0 0 0 0 0 0 0 0 0 0 0 0 0 0 0 0 0 0 0 0 0 0 0 0 0 0 0 0 0 0 0 0 0 0 0 0 0 0 0 0 0 0 0 0 0 0 0 0 0 0 0 0 0 0 0
"Rtn4" 0 0.00110573455799774 0 0 0 0 0 0 0 0 0 0 0 0 0 0 0 0 0 0 0 0 0 0 0 0 0 0 0 0 0 0 0 0 0 0 0 0 0 0 0 0 0 0 0 0 0 0 0 0 0 0 0 0 0 0 0 0 0 0 0 0 0 0 0 0 0.00175774760434116
"Efnb2" 0 0.00114419677583603 0 0 0 0 0 0 0 0 0 0 0 0 0 0 0 0 0 0 0 0 0 0 0 0 0 0 0 0 0 0 0 0 0 0 0 0 0 0 0 0 0 0 0 0 0 0 0 0 0 0 0 0 0 0 0 0 0 0 0 0 0 0 0 0 0
"Inhba" 0.00186551860441827 0.00172001366342803 0.00141126483626065 0.00126409211580623 0 0.00118150903970432 0.0011940241331696 0.00162679185350827 0 0.00142253078270862 0.0020047963463321 0.00148875700115543 0.00495713341653815 0.00124686314048462 0 0.00175388027239287 0.00145709526708622 0.0013323634180348 0 0.00143973919723182 0.00118707838252487 0.00130239805107391 0.00123346019800764 0 0.00108187728244626 0.00114644075247886 0.00105924107042457 0 0 0 0 0.00112313816591449 0 0.0010543563045427 0.00158175593591024 0.00160318204927198 0.00161932758605975 0.00110285629060259 0 0 0 0.00136930441535858 0 0 0 0 0 0.00136667919426656 0.00141502016057162 0.0013624107183133 0 0 0 0.001238550270533 0 0.00116836982228463 0.00141452570572311 0.0011315820055384 0 0.00121563053984332 0.0011053643787009 0.00117514182051898 0 0.00138237706160458 0.00135021350313777 0.00142674178766901 0
"Nrtn" 0.00106374732109816 0.00165756209493339 0 0 0 0 0 0.00109913773097036 0 0 0.00105728617968314 0.00107351286996304 0.00121482606246881 0 0 0 0.00104972913385996 0 0 0 0 0 0 0 0 0 0 0 0 0 0 0 0 0 0 0 0 0 0 0 0 0 0 0 0 0 0 0 0 0 0 0 0 0 0 0 0 0 0 0 0 0 0 0 0 0 0
"Itgb2" 0.00110373204318215 0.00150891297300802 0 0 0 0 0 0.00107112524446552 0 0 0.00107309959012375 0.00107698936511907 0.00126081935922355 0 0 0 0 0 0 0 0 0 0 0 0 0 0 0 0 0 0 0 0 0 0 0 0 0 0 0 0 0 0 0 0 0 0 0 0 0 0 0 0 0 0 0 0 0 0 0 0 0 0 0 0 0 0
"Icam1" 0.00118513435505379 0.00160205830034442 0 0.00114249551354306 0 0 0 0.00115808378879791 0 0.00121038777288525 0 0.0011009616739766 0.00122320973286733 0 0.00374090575434698 0 0.00110481861262787 0 0 0 0 0 0 0 0 0.00105518590961986 0 0 0 0 0 0 0 0 0 0 0.00106856649682366 0 0 0 0 0 0 0 0 0 0 0 0.00105634377404445 0 0 0 0 0 0 0 0 0 0 0 0 0 0 0 0 0 0
"Adam12" 0.00107407810074245 0.00127689131218441 0 0 0 0 0 0 0 0 0 0 0.00118899289831799 0 0 0 0 0 0 0 0 0.00104527134232424 0 0 0 0 0 0 0 0 0 0 0 0 0 0 0 0 0 0 0 0 0 0 0 0 0 0 0 0 0 0 0 0 0 0 0 0 0 0 0 0 0 0 0 0 0
"Cxcl16" 0 0.00112031842130571 0 0 0 0 0 0 0 0 0 0 0 0 0 0 0 0 0 0 0 0 0 0 0 0 0 0 0 0 0 0 0 0 0 0 0 0 0 0 0 0 0 0 0 0 0 0 0 0 0 0 0 0 0 0 0 0 0 0 0 0 0 0 0 0 0
"Pcdh1" 0.00130990616096732 0.00153756139085828 0.0010685380836137 0.0011633258894132 0 0 0 0 0 0 0.00117635266729357 0.00119712505988381 0.00146443774054937 0 0 0.00107349084818532 0.00113651063837519 0 0 0 0 0 0 0 0 0 0 0 0 0 0 0 0 0 0 0.00111960137498037 0 0 0 0 0 0 0 0 0 0 0 0 0.00104771033667529 0 0 0 0 0 0 0 0.00120911185686436 0 0 0 0 0 0 0.0011140695316235 0.00108977746843222 0 0
"Gas6" 0.00118582420122749 0.00150255314277585 0 0 0 0 0 0.00104929271815995 0 0 0 0.00110974344934697 0.00118647136625684 0 0 0 0 0 0 0 0 0 0 0 0 0.0010504165680936 0 0 0 0 0 0 0 0 0 0 0 0 0 0 0 0 0 0 0 0 0 0 0 0 0 0 0 0 0 0 0 0 0 0 0 0 0 0 0 0 0
"Rps19" 0 0.00126701179914019 0 0 0 0 0 0 0 0 0 0 0 0 0 0 0 0 0 0 0 0 0 0 0 0 0 0 0 0 0 0 0 0 0 0 0 0 0 0 0 0 0 0 0 0 0 0 0 0 0 0 0 0 0 0 0 0 0 0 0 0 0 0 0 0 0
"Adam9" 0.00104802276845768 0.0012481863291085 0 0 0 0 0 0 0 0 0 0 0 0 0 0 0 0 0 0 0 0 0 0 0 0 0 0 0 0 0 0 0 0 0 0 0 0 0 0 0 0 0 0 0 0 0 0 0 0 0 0 0 0 0 0 0 0 0 0 0 0 0 0 0 0 0
"Gmfb" 0.00146436565661762 0.00203720956877876 0.00114788365570801 0.00142324624452076 0 0 0 0.00130616209103307 0 0.00132626750936323 0.00140041659020334 0.00145263552012441 0.00166968055547085 0.0011375497307543 0 0 0.00142819368202294 0.00113739933376292 0 0.00112038644403343 0.00124997681365567 0.00112359257303689 0.00114054163702413 0 0 0.0014149408589975 0 0 0 0 0 0.00106031660952218 0 0 0.00117271966596214 0.00122988117256969 0.00129952860585796 0 0 0 0 0 0 0 0 0 0 0.00106046578611155 0.00128875988543163 0.00121468668190827 0 0 0 0 0 0.00124056005856439 0.00119971916877171 0 0 0.00121146112026451 0.00118274633882868 0 0 0 0.00117495971312081 0.00106043679334676 0
"Ncam1" 0.001215445024343 0.00164978115880154 0 0.00116109815986421 0 0 0 0.00111270075750677 0 0.00114788993475872 0.00127469389520415 0.0012551794033602 0.00132572456540935 0 0 0 0.0011133369303817 0 0 0 0 0.00106602461539138 0 0 0 0.00117183126699847 0 0 0 0 0 0 0 0 0 0.00107814878269887 0.00116652291974866 0.00110614269866092 0 0 0 0 0 0 0 0 0 0 0.00107987771137543 0 0 0 0 0 0 0 0 0 0 0.00111369374376677 0 0 0 0 0 0 0
"Sema3a" 0.00134774374240879 0.00170722220684351 0 0.00136669305558481 0 0 0 0.00116723223747363 0 0.00109600872706478 0.00128682450635095 0.00132954149592478 0.00147584366585852 0 0 0 0.00124072333390752 0.00105654434063694 0 0 0.00111034357758463 0.0010970713911663 0 0 0 0.00115019006047137 0 0 0.00108443578984364 0 0 0.00104621291619056 0 0 0 0.00114175130349577 0.0012148091945638 0 0 0 0 0 0 0 0 0 0 0.00119462800676017 0.00109607603136889 0 0 0 0 0.00105364566467196 0 0.00110527376914726 0.00107515164478687 0 0 0 0 0 0 0 0 0 0
"Sfrp2" 0.00145823140480373 0.00208891783386218 0 0.00118848372706143 0.00105148724644523 0 0 0.00148353628489058 0 0.00106256756627235 0.00169176044608365 0.00128257851090195 0.00163573133508852 0.00113688277023433 0 0.00120853363102754 0.0012675575860305 0.00144788535892235 0 0.00127563529126655 0 0.00153828439942231 0.00108924996446809 0 0.00118870539870535 0.00109313777080894 0.00137537577703719 0 0.00125033476385552 0 0 0.00156615232965021 0 0 0.00135855541738664 0.00115233129142914 0.00136871529297371 0.00145609868130969 0 0 0 0.0015555363456321 0 0 0.00112844081606404 0 0 0.00112845801996772 0 0.00129352040835001 0.00118331243608323 0 0.00108438252354312 0.00111830438737323 0 0.00113657784269927 0 0 0 0.00139376940632323 0.00108506481329835 0 0.00159755579995506 0.00136840151192835 0.00117233013581305 0.00150075167287394 0
"Gpnmb" 0.00146825565438266 0.00230456408527842 0.00118234660430331 0.00121093098401478 0.00128867417432469 0.00127876760601672 0 0.00192563707692042 0.00117167918395468 0.00109745086056725 0.00155016439890895 0.00159536846676245 0.00241442741793542 0.00114553140641393 0.00105612474880016 0.00141798284480805 0.0015855814752226 0.00151521031433692 0.00111380297065219 0.00140925761830266 0.00152132850338436 0.00193149762755719 0.00121351844154497 0 0.00172541048932188 0.00191245548144206 0.00136663107985024 0.0012741869432758 0.00153325641080969 0 0 0.00125468996717568 0 0 0.00166523858580284 0.00134171323270619 0.00156233422190602 0.00117064367263596 0 0 0 0.00127720811233552 0 0 0.00123656357244472 0 0 0.00176611689179579 0.00108200029051869 0.00158941248080179 0.00125552164246747 0 0 0.00120681907677962 0 0 0.00117237354263148 0 0 0.00197742108970815 0.00203770783059433 0.00198972587066422 0.00136215102531068 0.00152528112183901 0.00118577146727512 0.00159341769799088 0
"Yars" 0 0.00139265318762368 0 0 0 0 0 0.00117306738261956 0 0 0.00116021126250794 0.00111767945265177 0.00130132172395418 0 0 0 0.00112218224299495 0.00111843634942536 0 0 0 0 0 0 0 0 0 0 0 0 0 0 0 0 0 0 0 0 0 0 0 0.0011733813897788 0 0 0 0 0 0 0 0 0 0 0 0 0 0 0 0 0 0 0 0 0 0 0 0 0
"C3" 0 0.00130640296869222 0 0 0 0 0 0 0 0 0 0 0.00111300782215802 0 0 0 0 0 0 0 0 0 0 0 0 0 0 0 0 0 0 0 0 0 0 0 0 0 0 0 0 0 0 0 0 0 0 0 0 0 0 0 0 0 0 0 0 0 0 0 0 0 0 0 0 0 0
"Itga4" 0 0.00117521952264516 0 0 0 0 0 0 0 0 0 0 0 0 0 0 0 0 0 0 0 0 0 0 0 0 0 0 0 0 0 0 0 0 0 0 0 0 0 0 0 0 0 0 0 0 0 0 0 0 0 0 0 0 0 0 0 0 0 0 0 0 0 0 0 0 0
"Hgf" 0.00134835715116902 0.00193237668822109 0.00106320803658146 0.00140439520914955 0.00421155205897465 0 0 0.00133088127579871 0 0.00122693967190418 0.00127580841504351 0.00131587886216393 0.0015821303266869 0.0010544189343148 0 0 0.00135900416273018 0.00107233857040556 0 0 0.00118097719521049 0.00110542307730418 0.00108112285435082 0 0 0.00138680289994871 0 0 0 0 0 0.00107179135596136 0 0.00398636721155085 0 0.00112939183323022 0.00121069804375481 0 0.00229382017097465 0 0 0 0 0 0 0 0.00224321017773921 0.00109434647576704 0.00116780812334888 0 0 0 0 0.00238400100279629 0 0.00132413756706772 0.00109792493053074 0.00466413216211115 0.00212741736301797 0.00120418944173977 0.00116425438761266 0.0010717228319416 0.00113683345769573 0 0.00108492938581448 0 0
"Copa" 0 0.00113718058342662 0 0 0 0 0 0 0 0 0 0 0 0 0 0 0 0 0 0 0 0 0 0 0 0 0 0 0 0 0 0 0 0 0 0 0 0 0 0 0 0 0 0 0 0 0 0 0 0 0 0 0 0 0 0 0 0 0 0 0 0 0 0 0 0 0
"Vcam1" 0 0 0 0 0 0 0 0 0 0 0 0 0 0 0 0 0 0 0 0 0 0 0 0 0 0 0 0 0.00174132306296177 0 0 0 0 0 0 0 0 0 0 0 0 0 0 0 0 0 0 0 0 0 0 0 0 0 0 0 0 0 0 0 0 0 0 0 0 0 0
"Il1b" 0.00174793447157904 0.00296737219284813 0.00263537070462579 0.00169915715100238 0 0.00516287095521492 0.00695102019209374 0.00471508674511481 0 0.00161909072056996 0.00171200553725626 0.001727476436862 0.00582539956101891 0.00145961489039303 0.00519880978995069 0.00251226830862568 0.00158594809031943 0.00484051678696276 0.0062124402077904 0.00261117992049089 0.00511122867865246 0.001487069410112 0.00432704969277202 0 0.00289194386681772 0.00162769845514528 0.00254724050239757 0 0.00533183165843309 0 0.00119534012454829 0.00123527964298185 0 0.00111144969690318 0.0012349335627712 0.00136605249310601 0.00163078371143697 0.00122128181692812 0.00441637455365975 0 0.00250634830949764 0.00265653439259913 0.00519723694642411 0 0 0 0.00248824112780248 0.00130447341441824 0.00140556229643095 0.00131942486981391 0 0.00551197772515991 0.00511984124811278 0.00595807584773738 0.00488326992590717 0.00152966298144826 0.00132277137278516 0 0 0.00147210059049608 0.00149459820693863 0.00125830803449759 0.00118503728979018 0.0012130914051612 0.00254872960636661 0.00453946315252407 0
"Edn1" 0.00119186886368411 0.00166797816169625 0.0021558145226926 0.00124945330731138 0.00430284300218838 0.00507425261027675 0 0.00127971483878582 0 0.00120159539202971 0.00113317261631609 0.00119475334146133 0.00154295705737696 0.00107620731155021 0.00195713366293793 0 0.00125963308360365 0.00104965893652015 0 0 0.001098827752889 0.00105080936267404 0.00406632226576029 0 0 0.00126633164836397 0 0 0 0 0 0 0 0 0 0.00109789413576251 0.00112539673770424 0 0 0 0 0.00242602597592015 0 0 0 0 0.00210794094243877 0 0.00214614830596564 0 0.00214917490926885 0 0 0 0 0.0011497652090874 0 0 0 0.00117034149532683 0 0 0 0 0 0 0
"Itgb7" 0 0.00137562694571343 0 0 0 0 0 0 0 0 0 0 0.00109496086558617 0 0 0 0 0 0 0 0 0 0 0 0 0 0 0 0 0 0 0 0 0 0 0 0 0 0 0 0 0 0 0 0 0 0 0 0 0 0 0 0 0 0 0 0 0 0 0 0 0 0 0 0 0 0
"Tnc" 0.00113302069762406 0.00147863837550371 0 0.00121301081116585 0 0 0 0.00118045399455545 0 0.00105781567602159 0.00116094684729201 0.00115109290302307 0.00123119974798745 0 0 0 0.00108704814104292 0 0.00215980689639087 0 0 0 0 0 0 0 0 0 0.00209476498652453 0 0 0 0 0 0 0 0.0011023572752852 0 0 0 0 0 0 0 0 0 0 0 0.00106477261900541 0 0 0 0 0 0 0 0 0 0 0 0 0 0 0 0 0 0
"Col4a1" 0.00115017429167651 0.00131106101658828 0 0 0 0 0 0.00106112244878979 0 0 0.00122304405896842 0.0011243936873812 0.00130493534145339 0 0 0 0 0 0 0.00108578841577469 0 0 0 0 0 0 0 0 0 0 0 0 0 0 0 0 0.00106085628965234 0 0 0 0 0.00104663601668057 0 0 0 0 0 0 0 0 0 0 0 0 0 0 0 0 0 0 0 0 0 0 0 0 0
"Gdf2" 0.00213501201390166 0.00209329957199574 0.00171692883996291 0.00159620159056526 0.00141102417541464 0.00176590159296833 0.0013147337600873 0.002229523756892 0.00130025009004295 0.00147344931489927 0.0023219682234353 0.00178953995706207 0.00388867597674935 0.00164765829535665 0.00122490358246215 0.00214040677620223 0.00171924654215969 0.00185180258339064 0.00118053852461465 0.00191281566599148 0.00152199946790496 0.00180534059659179 0.00172018298971646 0 0.00161645632320073 0.00130290308017767 0.00131853527720032 0.00127884686796698 0.00130108332207392 0 0.0011386479030548 0.00130835300525966 0.00253395090052929 0.00144291438202527 0.00201925747769533 0.00167837585667959 0.00202130223343106 0.00142692058005066 0 0.00145483336875871 0 0.00168516625368235 0.0011971276414006 0.00116964359372291 0.00126665973984378 0.00115958955685576 0 0.00201769521976079 0.00167292497578037 0.00193406035625052 0.00119389057606209 0.00125259795513139 0 0.00145067757654125 0 0.00129371382662653 0.00192109708526484 0.001440032759185 0 0.00168171011270058 0.00150273207095106 0.00144311784038355 0.00133274678306488 0.00192937694657593 0.00172523660494674 0.00174269710512078 0
"Vwf" 0.00105613922150055 0.00232862154106789 0 0.00106712646970571 0 0 0 0.00109901751747858 0 0 0.00107191850919342 0.00104725817667612 0.00128357640960157 0 0 0 0 0 0 0 0 0 0.00384617150905376 0 0 0 0 0 0 0 0 0 0 0.00376622506227698 0 0 0 0 0 0 0 0 0 0 0 0 0.00204088956950176 0 0 0 0 0 0 0 0 0 0 0 0 0 0 0 0 0 0 0 0
"Timp1" 0.0012025586558728 0.0015123310283143 0.00212927986684748 0.00123890036130094 0 0 0.00234889399957674 0.00113296424283607 0 0.00118860312839794 0.00116265672285394 0.00121392884924285 0.00141850176658058 0.00106549809592081 0 0 0.00115012204897536 0 0 0 0.00192343441083086 0 0 0 0 0.00111531478825188 0 0 0 0.00192681678723294 0 0 0 0 0.00109185472556001 0.00108804645183508 0.00116541313176359 0 0 0 0 0 0 0 0 0.00219551364437295 0 0.00109693402180827 0.00108949603801968 0 0 0 0 0 0 0.00107514851845182 0 0 0 0.00105879971173012 0 0 0 0 0 0 0
"Tgfb2" 0.00183006461202542 0.00190805271786732 0.00151409785873996 0.0016894575952021 0.00577280511684245 0 0.00116495667700662 0.0048917055913293 0 0.00160496966216414 0.00183805797545813 0.0017420769136518 0.00604055454509207 0.00135638336781128 0.0021985662674196 0.00273951091521325 0.00159702134242239 0.00268711730380953 0 0.00459734569206122 0.00131379195162272 0.00136222668256863 0.00576007370235692 0.00660110650680246 0 0.00142447777506072 0.00143979714863163 0 0.00222230211950226 0.00210587522167556 0.00125990790145213 0.00113595229077733 0.00424300511753034 0.00426472021027771 0.00133378902592852 0.00135316385988649 0.0017211211321104 0.0026149651301924 0 0 0.00246844269781697 0.00145119148767289 0.00268969783792137 0.00594686423756322 0.00549724010344597 0.00500298343691173 0 0.00134096699738657 0.00167075884910359 0.00133878558905958 0 0 0 0.00261203029811569 0 0.00152969545739733 0.00142883319974461 0.00119178659875394 0 0.001254124168963 0.00151025745887755 0.00117231517273391 0.00113488233289715 0.00132432671418004 0.00129475943414214 0.00136455617745358 0
"Bmp4" 0.00167989700560281 0.00282542400280105 0.00128934031669421 0.0015725296573374 0 0 0 0.00163746098150271 0 0.00143300676592414 0.00168063057167453 0.00165073318849144 0.00195808310737064 0.00126015879274672 0 0.00116055854158314 0.00153711971467272 0.00135048907106763 0 0.0014074570290259 0.00234737228060848 0.0014844937412014 0.00121880167980661 0 0 0.00151062941428825 0.00107114566288954 0 0.00220162980644983 0 0 0.00122099266834853 0 0.00413856235093631 0.00134691948039916 0.0014082331578757 0.00152267215616941 0.00125584733437903 0 0 0 0.00265253295966565 0.00690799655342899 0 0 0 0 0.00133829317386808 0.00141076215863066 0.00132923683457015 0 0 0 0.00118552071791863 0 0.00146312650638173 0.00135069267171423 0.00106492606322081 0 0.00147033273510391 0.0014070999242616 0.00118719449753814 0.00122575088579345 0.00125729377508016 0.00138586600501744 0.00121405356346846 0
"Mmp9" 0.00136532258067635 0.00168013374448286 0 0.00143850333762942 0 0 0 0.00121538013297602 0 0.00123962414145568 0.00122463898826833 0.00131775964713932 0.00143870335246138 0 0.00379242755032811 0 0.00119742703413151 0 0 0 0.00364748249297431 0 0.00111111005972621 0 0 0.00117644706106746 0 0 0.00418784664305765 0 0 0 0 0.00387865172969125 0 0.00110725377784128 0.00114688291389529 0 0 0 0 0 0 0 0 0 0 0 0.00110554661017568 0 0 0 0 0 0 0.00112203972725607 0.00107465463928719 0 0 0.00109612075075737 0.00105630289271844 0 0 0 0.00113931068814894 0 0
"Fgf1" 0.00126282497199686 0.00165517880547517 0 0.00121390140459223 0 0 0 0.0011457713304802 0 0.00106913997913822 0.00115716925079297 0.00122988507862243 0.00240747099328217 0 0.00185060820883847 0 0.00116920393796588 0 0 0 0.00361100199031988 0 0 0 0 0.00108596591128406 0 0 0 0 0 0 0.00405193709315663 0 0 0 0.00110625333023813 0 0.00203974471976682 0.00528132530414328 0.00224052357432998 0 0 0 0 0 0 0 0 0 0 0 0 0 0 0 0 0 0 0 0 0 0 0 0 0 0
"Tgfb3" 0.00171215492557961 0.00162587704303284 0.00131286794977783 0.00124604185718866 0 0 0.00107851761243098 0.00446920500700439 0 0.0013860823839256 0.00166748513061938 0.00143225240943012 0.00474246844207253 0.00107998525785206 0 0.00642598074252033 0.00136146995552084 0.00110097028905159 0 0.00134456078833214 0.00108816609677959 0.00113160037244122 0.00123585671162163 0 0 0.00110563178684529 0 0 0 0.00205980992087896 0 0 0.00219667614821806 0.00407582238883859 0.00143547050355449 0.00138792019126399 0.00145915110208982 0.00226850657271411 0 0 0 0.00119830485356036 0 0 0 0 0 0.0011831723457402 0.00132242544024724 0.00117458558665939 0 0 0 0.00111253882991598 0 0.00113954184911647 0.00131305082479475 0.00106760603302712 0 0.00111162962357845 0.00105809804941729 0.00109136303037504 0 0.00125646845831403 0.00118897882277208 0.00119779235237445 0
"Fgf2" 0.0014694956705675 0.00486015034403085 0.00538651594954828 0.00157609138082823 0.00225688661748847 0 0 0.0014337325430763 0 0.00128777347451712 0.00263200187505393 0.00148156016694361 0.00561307382358825 0.00246573601933631 0.00209778431201249 0.00245508572184439 0.00145246228974306 0.00120510441479467 0.00238793670167162 0.00238775461227508 0.00378760245227831 0.00425177820087254 0.00228653722799215 0.00277489061980416 0.00272894063036896 0.00271055838891752 0.00236694655946615 0.00214873896277155 0.00523830534998965 0.00201522497073303 0.00264716044747125 0.00244069056694097 0.00213698915373628 0 0.00112076820154975 0.00115776363504512 0.00139511301299673 0.0010707139286358 0 0 0 0.00110562309399546 0 0 0 0 0 0.00119593477047674 0.00121929254447143 0.00115986129379706 0 0 0 0.00110613305658622 0 0.00139379096363892 0.00123748167171438 0 0 0.00132397506182081 0.00128235102553557 0.00110235189829532 0.00107997566910548 0 0.00123904410968292 0.00115448112014735 0
"Spp1" 0.0014557991705183 0.00158408372530799 0.0022846384445117 0.00129706631785776 0.00421524682203956 0.00495879526473618 0.0049989028848838 0.00125375186388455 0.00464786109374564 0.00123120779421862 0.00130539850736186 0.00133409872616051 0.00152723633884689 0.00424683178350971 0.00377514477134519 0.00447159030759513 0.00133668505344441 0.00456373398953197 0 0.00106488429002455 0.00106784508842907 0 0.00111379146622818 0 0 0.00119273253630364 0 0 0 0 0 0 0 0 0 0.00115069493087207 0.00117497150695883 0 0 0 0 0 0 0 0 0 0 0.00105688228325408 0.00118931505083177 0 0 0 0 0 0 0.00118698658189753 0 0 0 0.00109218444612814 0.00110317312324098 0 0 0 0 0 0
