"Krt18" "Loxl1" "Socs3" "Tgfbr2" "Timp1" "Id1" "Id3" "Ier3" "Krt8" "Gnas" "Ltbp1" "Cyp2s1" "Per3" "Msln" "Fth1" "Slc9a3r1" "Ifitm3" "Slc39a8" "Urod" "Bgn" "Clec3b" "Sfrp2" "Trak1" "Cfb" "Ergic1" "Lbp" "C3"
"Bmp6" 0.00126776159659442 0 0.00162551096315191 0.00158207238213568 0 0.00527706936475764 0.00213050918862858 0.00200694722120272 0.00171097884713669 0.00137551910752773 0.00126758157748102 0 0 0 0.00140255120439156 0.00143771674623042 0 0 0 0 0 0 0 0 0 0.00120842976840277 0.0013869259362342
"Itgb2" 0 0 0 0 0 0.00141223905840557 0.00131470084209061 0.00122445352357404 0 0 0 0 0 0 0 0 0 0 0 0 0 0 0 0 0 0 0
"Inhba" 0 0 0.0014571689462524 0.00176151669727612 0 0.00257928055899587 0.00240448006957137 0.00184805020512057 0.00166228720165127 0.00122070239398552 0.00147769886952774 0 0 0 0 0.00138274424601303 0 0 0 0 0 0 0.00125092024156546 0 0 0 0
"Tnfsf14" 0 0 0.00130949667943603 0.00147909329323429 0 0.00148512827179165 0.001421853932703 0.00177805647409082 0.00137979595571351 0 0 0 0 0 0.0013741139946078 0.00117991167308651 0 0 0 0 0 0 0.00143530908153877 0 0 0 0
"Sfrp2" 0 0 0 0.00153489525606338 0 0.002006823122862 0.0018379397778738 0.00186160591153128 0.00129981428999195 0.00126112502605366 0.00121227541246308 0 0 0 0 0.00126665603821055 0 0 0 0 0 0.00165563972638091 0 0 0 0 0
"Col18a1" 0 0 0 0 0 0.00137419325331849 0.00129967176804586 0.00119585618620649 0 0 0 0 0 0 0 0 0 0 0 0 0 0 0 0 0 0 0
"Fgf7" 0 0 0 0 0 0.001409422970211 0.00137098179705884 0.00130741887800563 0 0 0 0 0 0 0 0 0 0 0 0 0 0 0 0 0 0 0
"Vegfc" 0 0 0.00135497115349177 0 0 0.00169496970011861 0.0014696170602583 0.00156565053306996 0.00129533641966233 0 0 0 0 0 0 0 0 0 0 0 0 0 0 0 0 0 0
"Lgals3" 0 0 0.00207635953436987 0 0 0.00136299958529955 0 0 0 0 0 0 0 0 0 0 0 0 0 0 0 0 0 0 0 0 0
"Adam12" 0 0 0 0 0 0.00153318979184812 0.00129553524851874 0 0 0 0 0 0 0 0 0 0 0 0 0 0 0 0 0 0 0 0
"Lamb2" 0 0 0.00125857834349797 0 0 0.001558599295639 0.00131849904323132 0.00130340368556918 0.0012077625801329 0 0 0 0 0 0 0 0 0 0 0 0 0 0 0 0 0 0
"Sema3c" 0 0 0 0 0 0.00153600946258843 0 0.00118304495782838 0 0 0 0 0 0 0 0.00128133410734974 0 0 0 0 0 0 0 0 0 0 0
"Ocln" 0 0 0 0 0 0.00163458133130995 0.00143090796769968 0.00118518532438034 0 0 0 0 0 0 0 0 0 0 0 0 0 0 0 0 0 0 0
"Ltb" 0 0 0.00142296505164355 0 0 0.00177834306377628 0.00143941041757547 0.00147263678509523 0 0 0 0 0 0 0.00160390167276287 0 0.00128405896383754 0 0 0 0 0.00118021224362241 0.00134014092829014 0 0 0 0
"Ntn4" 0 0 0 0 0 0.00143340921435167 0.00130551233282372 0 0 0 0 0 0 0 0 0 0 0 0 0 0 0 0 0 0 0 0
"Itgam" 0 0 0 0 0 0.00144276506481265 0.00126056556953271 0.00128710215959032 0 0 0 0 0 0 0 0 0 0 0 0 0 0 0 0 0 0 0
"Nectin1" 0 0 0 0 0 0.00146614142790636 0.0012707348263701 0.00142345166114901 0 0 0 0 0 0 0 0 0 0 0 0 0 0 0 0 0 0 0
"Cadm1" 0 0 0 0 0 0.00138223823754723 0.00434266090321568 0 0 0.00497279866418111 0 0 0 0 0 0 0 0.00459423394859127 0 0 0.00610590576994623 0.00523257302911798 0.00553347082192549 0 0 0 0
"Fbn1" 0 0 0 0 0 0.00161974525431597 0.00136671930560248 0.00117788353573013 0.00121898539309857 0 0 0 0 0 0 0 0 0 0 0 0 0 0 0 0 0 0
"Fgf1" 0 0 0.001193556247153 0 0.00185060820883847 0.0015919523299371 0.00144977728309828 0.00146725544984714 0 0 0 0 0 0 0 0 0 0 0 0 0 0 0 0 0 0 0
"Wnt5a" 0 0 0 0 0 0.00148146162381321 0.00122762638100963 0.0012835506280478 0.00120603545093838 0 0 0 0 0.00205975192028982 0 0 0 0 0 0 0 0 0 0 0 0 0
"Fgf2" 0 0 0.00148323621566164 0.00145358461488991 0.00209778431201249 0.00192302889180074 0.00175528603823209 0.00175304959895765 0.00134881895289704 0 0.00122735039296178 0 0 0.00453979066386279 0.00123130163907247 0 0 0 0 0.00244344294139355 0 0 0 0 0 0 0
"Selplg" 0 0 0 0 0.00200429353834147 0.00122956245873899 0 0 0 0 0 0 0 0 0 0 0 0 0 0 0 0 0 0 0 0 0
"Itgb7" 0 0 0 0 0 0.00136403434032814 0.00126248559824723 0 0 0 0 0 0 0 0 0 0 0 0 0 0 0 0 0 0 0 0
"Bmp5" 0.00133026828714248 0 0.00158700969794174 0.00155712036200032 0 0.00283147300276121 0.00222982228286429 0.00192664670296883 0.00187048284590118 0.00139222012539679 0.00174695725730739 0 0 0 0.00142532594946077 0.00163065768744535 0 0 0 0 0 0.00125053000377053 0 0 0 0 0.00138752256186312
"Crlf1" 0 0 0.00283655598540964 0.00168917764508862 0 0.00217100320511244 0.00238213708429598 0.00187506345128822 0.00143352438616114 0 0.00209165585494416 0 0 0 0.00222189700790961 0.00158580284250452 0.00151172057903736 0.00207903482033266 0.00219070756792919 0 0 0 0.00181225869244685 0 0.0013973141361111 0.00165275513068314 0.00135280644298641
"Mmp9" 0 0 0.00119176949545885 0.00120187977068955 0.00379242755032811 0.00163488690866977 0.00136684470328049 0.00133525797695098 0.0012980459797124 0 0 0 0 0 0 0 0 0 0 0 0 0 0 0 0 0 0
"Agrn" 0 0 0 0 0 0.0014768281902114 0.00133005617809613 0 0 0 0 0 0 0 0 0 0 0 0 0 0 0 0 0 0 0 0
"Hspg2" 0 0 0 0 0 0.00155022947839913 0.0014333956263109 0.00124322014947712 0 0 0 0 0 0 0 0 0 0 0 0 0 0 0 0 0 0 0
"Sell" 0 0 0 0 0 0.00133239045800263 0.00122270591652656 0 0 0 0 0 0 0.00205441061303855 0 0 0 0 0 0 0 0 0 0 0 0 0
"Col1a1" 0.0011994452522921 0 0.00126670990784842 0.00124181064576978 0 0.00193766075111959 0.00175139390541851 0.00154697020220672 0.0016958927987246 0.00124627617178789 0 0 0 0 0.00123930822960594 0.00129298265716996 0 0 0 0 0 0 0 0 0.00117865805926414 0 0.00130876468427576
"Apoe" 0 0 0 0 0.00368591735096147 0.00142899901644446 0.0011950272004836 0.00128461570807211 0 0 0 0.00480378829213286 0.00449555611153617 0 0 0 0 0 0 0 0 0 0 0 0 0 0
"Fn1" 0 0 0 0 0.00355817317440741 0.00127633191015795 0 0 0 0 0 0 0 0 0 0 0 0 0 0 0 0 0 0 0 0 0
"Plat" 0 0 0.00137479101661546 0.00128599833952941 0.00376305192776554 0.00175203595297333 0.00148462046055328 0.0013966920440855 0.00124319350968537 0 0 0 0 0 0 0 0 0 0 0 0 0 0 0 0 0 0
"Col4a1" 0 0 0 0.00121700748661509 0 0.00152913713962086 0.00147693163390325 0.00118216257804888 0 0 0 0 0 0 0 0 0 0 0 0 0 0 0 0 0 0 0
"Bmp4" 0.0012072291860015 0 0.00155748341012834 0.00146442824687708 0 0.00632163198852959 0.0031134178316229 0.00185626855263888 0.00159833342380597 0.00129208715619899 0.00127491683044786 0 0 0 0.00132428579111218 0.001333977326644 0 0 0 0 0 0 0 0 0 0 0.0012949677062479
"Osm" 0 0 0.0024828024604493 0.00169914095772447 0.00575092635394113 0.00242069347538511 0.0021060381469725 0.00201189048988944 0.00170608088594479 0.00130816140738821 0.00168832665552981 0 0 0 0.00163701637857118 0.00131003016633204 0 0.00120060780760199 0 0 0 0 0.00123068886604543 0.00131990274921515 0.00159604411542451 0.00160391294615701 0.00132294035370004
"Tgfb1" 0.0044065352416625 0.00488498989928621 0.00567161006627657 0.00629791933528927 0.00514659632818426 0.00329054972768989 0.00311605929807148 0.00188015714086075 0.00157339741274326 0.00129140126221758 0.00266292624997743 0 0 0 0.001313046198603 0.00131350235045724 0 0 0 0.00255800440815857 0 0 0.00120278922932313 0 0 0 0.0013096329721325
