"Adamts5" "Bgn" "Cdk4" "Col1a1" "Col1a2" "Ier3" "Nfkb1" "P4hb" "Skp1a" "Tnc" "Nr1d1" "Sod3" "Vim" "Flot1" "Adamts1" "Clu" "Ctnna1" "Eif4e" "Grb10" "Itch" "Mapk9" "Birc2" "B2m" "Fkbp5" "Anxa7" "Capn2" "Ddr1" "Rnase4" "Adam10"
"Fgf1" 0 0 0 0 0 0.00146725544984714 0.00221082665601726 0 0 0 0.00129576120453564 0 0 0 0 0 0 0 0 0 0 0 0 0 0 0 0 0 0
"Areg" 0 0 0 0 0 0.00169293170709881 0 0 0 0 0.00169762704685565 0 0 0.001408128018745 0 0 0 0 0 0 0 0 0 0.00126426003137679 0 0 0.00145592529768762 0 0.00203081166482276
"Plau" 0 0 0.00151912697895031 0.00129092114277536 0.00450608085517301 0.0018288480910177 0.00135205006831689 0 0 0 0.00204190663678617 0 0.00153356217232183 0.00148073465063799 0 0 0 0 0.00163279656510333 0 0.00160622705526916 0.00159090292354501 0 0.00148362520829518 0 0.0015274131108169 0.00148465314553081 0 0
"Rspo3" 0 0 0 0 0 0.00128427794978579 0 0 0 0 0 0 0.0013478617685279 0 0 0 0 0 0 0 0 0 0 0 0 0 0 0 0
"Lgals3" 0.00215437525223212 0 0 0 0 0 0 0 0 0 0 0 0 0 0 0 0 0 0 0 0 0 0 0 0 0 0 0 0
"Cxcl12" 0 0 0 0 0 0.00137982727773468 0 0 0 0 0 0 0 0 0 0 0 0 0 0 0 0 0 0 0 0 0 0 0
"Hdgf" 0 0 0 0 0 0 0 0 0 0 0 0 0.0026440144224984 0 0 0 0 0 0 0 0 0 0 0 0 0 0 0 0
"Mdk" 0 0 0.00242713495676226 0 0 0.00164902991238226 0 0 0 0 0.00144264845084912 0 0 0.00129235673964619 0 0 0 0 0 0 0 0 0 0 0 0 0.00132561989333399 0 0
"Adam17" 0 0 0 0 0 0.00172829346361237 0.0014022933819906 0 0 0.00241628545664076 0.00160706962947874 0 0.00126344713866316 0.00137746827114527 0 0 0 0 0 0 0 0 0 0 0 0 0 0 0
"F7" 0 0 0 0 0 0 0 0 0 0 0.00139005216675812 0 0 0 0 0 0 0 0 0 0 0 0 0 0 0 0 0 0
"Timp1" 0 0 0 0 0 0.00132350471958295 0 0.00192681678723294 0 0 0.00143936165424758 0 0 0 0 0 0 0 0 0 0 0 0 0 0 0 0 0 0
"Tnfsf13b" 0 0 0 0 0 0.00151866047246203 0 0 0 0 0.00127152575039811 0 0 0 0 0 0 0 0 0 0 0 0 0 0 0 0 0 0
"Hmgb1" 0 0 0.00144936663862757 0.00156865800988409 0.00475573633823363 0.00237430051533597 0.00294750827416793 0 0 0.0013653832452144 0.00220179393278763 0 0.00180066031488312 0.00208214105952824 0 0.00133133735129286 0 0.00150097475415144 0 0 0 0.00160126790180923 0.00183596454983768 0.00186807562542792 0 0.00188763939567353 0.00170999693689343 0.00188618252247893 0
"Osm" 0 0 0.00133300091404265 0.00128129722667954 0 0.00201189048988944 0.00264545701504439 0.00215800536608544 0 0 0.00207149606162834 0 0.00275861619400152 0.00174368396642659 0 0.00132769702013783 0 0.0015290984142539 0 0 0 0 0.00127930139021912 0.00158949086744805 0 0.00166865976094348 0.0014019511090519 0.00129843723478026 0
"Tfpi" 0 0 0 0 0 0.00139429377415847 0 0 0 0 0.00130544099291046 0 0 0 0 0 0 0.00131214933251929 0 0 0 0 0 0 0 0 0 0 0
"Cxcl16" 0 0 0 0 0 0 0.00173092689471705 0 0 0 0 0 0 0 0 0 0 0 0 0 0 0 0 0 0 0 0 0 0
"Vwf" 0 0 0 0.00384617150905376 0 0 0 0 0 0 0 0 0 0 0 0 0 0 0 0 0 0 0 0 0 0 0 0 0
"Ptn" 0 0 0 0 0 0.0013829821338568 0 0 0 0 0.00132911485764386 0 0 0 0 0 0 0 0 0 0 0 0 0 0.0042055671925311 0 0 0 0
"Il1rn" 0 0 0 0 0 0.00182630634617351 0.00156910622690827 0 0 0 0.00161089060643512 0 0.00132334998866946 0.00139091769224663 0 0 0 0 0 0 0 0 0.00135244863767953 0.00147121974325394 0 0 0.00127573853047698 0 0
"Hgf" 0 0 0 0 0.00421155205897465 0.00152173838182139 0.00227284623399011 0 0 0 0.00151059494954056 0 0 0.00130354576450227 0 0 0 0 0 0 0 0.00232318841401452 0 0 0 0 0 0 0
"Tgfb2" 0 0.00251060727027853 0 0.00576007370235692 0.00577280511684245 0.00185892402942727 0.00150289571569918 0.00210587522167556 0 0.00273951091521325 0.00181501214655095 0 0.00167075884910359 0.00172826100479266 0 0 0 0.00142067007607444 0 0 0.00449604616093839 0 0.00143517574865977 0 0 0.00135375041256662 0 0 0
"Tgfb3" 0 0 0 0 0 0.00164521209644254 0.00129633483024828 0.00205980992087896 0 0.00642598074252033 0.00158497394819476 0 0.00132242544024724 0.00150539070326475 0 0 0 0.00131222848318839 0 0 0 0 0 0 0 0 0 0 0
"Calm2" 0 0 0 0 0 0.00128246399125271 0 0 0 0 0 0 0 0 0 0 0 0 0 0.00443545684222371 0 0 0 0 0 0 0 0 0
"Fn1" 0 0 0 0 0 0 0 0 0 0 0 0 0 0 0 0 0 0 0 0 0.00398024294581272 0 0 0 0 0 0 0 0
"Calm1" 0 0 0 0 0 0.0013051154779708 0 0 0 0 0 0 0 0 0 0 0 0 0 0.00441071124547745 0 0 0 0 0 0 0 0 0
"Pdgfb" 0 0 0.00397803629360502 0.00417536407881862 0 0.00160091792808307 0 0 0 0 0.00140499864423559 0 0 0.00136496490897051 0 0 0 0 0 0 0 0 0 0 0 0 0 0 0
"Tgfb1" 0 0.00255800440815857 0 0.00551568106052913 0.00782831487095467 0.00188015714086075 0.00144257641399274 0 0 0.00263948532009254 0.00184554152460675 0 0.00539500587814721 0.00167447646451182 0 0.00239610071735005 0 0 0 0 0 0 0 0.00144117895663344 0 0.00136616305241965 0.00126388287570274 0 0
"Vegfa" 0 0 0 0 0 0.00160320559239241 0.00230700694695504 0.0019843370875547 0 0 0.0015766427514995 0 0 0.00135138172487628 0.00212347510472588 0.00217643341410883 0.00226483339172504 0.00235576691157636 0.00233517363590454 0 0 0 0 0 0 0 0 0 0
"Il1b" 0.00246943627197406 0.00556725311719056 0 0.00432704969277202 0 0.00193742800508225 0.00545178142562972 0 0 0.00251226830862568 0.00195408907073293 0 0.00140556229643095 0.00167759745533054 0.00610819585501071 0 0 0 0 0 0.00430327932115339 0 0.00136111692370163 0.00147210059049608 0 0.00129735136208848 0.00133541990103935 0.00137052111366722 0
"Ltf" 0 0 0 0 0 0.00692590913497138 0.00131677831051563 0 0 0 0.00161315463436613 0.00921462014874502 0.00125883065606662 0.00139664671275117 0 0 0 0 0 0 0 0 0 0.00126514484270815 0 0 0 0 0
"Spp1" 0 0 0 0 0.00421524682203956 0.00153292593991244 0.00231493292362175 0 0 0.00447159030759513 0.00144178557355239 0 0 0.00133959162828033 0 0 0 0 0 0 0 0 0 0 0 0 0 0 0
"Edn1" 0 0 0 0.00406632226576029 0.00430284300218838 0.00144341020441212 0 0 0 0 0.00144009230024471 0.00226081437859102 0.00214614830596564 0 0 0 0 0 0 0 0 0 0 0 0 0 0 0 0
"Fgf2" 0.00236489126123782 0.00244344294139355 0.0052417072095753 0.00228653722799215 0.00225688661748847 0.00175304959895765 0.00238126396638627 0.00201522497073303 0.00207144324912366 0.00245508572184439 0.00163804383173369 0 0 0.00140039492187465 0 0 0 0 0 0 0 0 0 0.00132397506182081 0 0 0 0 0
